labels 1 0 2 5 3 4
0 0.378223 0.518163 0.0624935 0.0135336 0.0187301 0.0088567
5 0.145071 0.0419332 0.0898264 0.356407 0.237738 0.129025
0 0.3781 0.513219 0.0639021 0.014981 0.0195258 0.0102722
0 0.430857 0.453403 0.0616862 0.0180469 0.0237116 0.0122952
0 0.340261 0.552247 0.0642546 0.0144497 0.0177164 0.011071
1 0.501893 0.382865 0.0552473 0.021036 0.027746 0.0112134
0 0.305795 0.585031 0.0663404 0.0141991 0.0192518 0.00938313
0 0.378363 0.507283 0.0662449 0.0159954 0.0215057 0.010608
5 0.153777 0.0413538 0.0878824 0.364943 0.234032 0.118012
0 0.355261 0.532169 0.0675576 0.015126 0.0198892 0.00999696
1 0.622562 0.110526 0.0513454 0.0881602 0.0880737 0.0393318
5 0.150648 0.0414184 0.086499 0.360438 0.22242 0.138576
5 0.155702 0.0420107 0.0880867 0.365425 0.227659 0.121117
0 0.414284 0.451858 0.0669147 0.0242371 0.0265751 0.0161315
5 0.204428 0.0530237 0.088266 0.347819 0.178184 0.12828
5 0.263996 0.0392616 0.0681472 0.288502 0.159941 0.180152
0 0.386584 0.487894 0.0677067 0.0192262 0.024636 0.013953
1 0.4367 0.429776 0.0650614 0.0247653 0.0282117 0.0154858
1 0.416443 0.369838 0.0666421 0.0460052 0.0700401 0.0310307
1 0.434801 0.433273 0.0643854 0.0248655 0.0256115 0.0170636
0 0.358505 0.521063 0.0673021 0.0182993 0.0208239 0.0140066
0 0.425716 0.456908 0.0628066 0.019069 0.0230947 0.0124061
5 0.148076 0.0417242 0.0866548 0.359756 0.215589 0.1482
1 0.669774 0.0579002 0.0409547 0.0757105 0.0943262 0.0613343
0 0.410674 0.46567 0.0650419 0.0196314 0.0260827 0.0128999
0 0.316425 0.583356 0.0650408 0.012415 0.0156922 0.00707075
0 0.328473 0.56793 0.0635074 0.0129932 0.0183814 0.00871468
0 0.359136 0.524885 0.0612198 0.0173979 0.0256541 0.0117079
1 0.442861 0.419747 0.0609695 0.0263382 0.0357511 0.0143328
0 0.371356 0.50872 0.0681207 0.0172439 0.0209199 0.0136391
1 0.425336 0.166702 0.0746853 0.109478 0.111378 0.112421
1 0.419157 0.387414 0.063564 0.0398139 0.0527074 0.0373432
1 0.462752 0.380655 0.0582158 0.0355484 0.0401382 0.0226906
5 0.15195 0.0421424 0.0870178 0.362021 0.219683 0.137186
0 0.236758 0.657379 0.0666685 0.0135805 0.0172241 0.00838976
1 0.44111 0.436401 0.0650549 0.0205506 0.021549 0.0153353
0 0.397793 0.481966 0.0633646 0.0203942 0.0221255 0.0143566
1 0.49866 0.107568 0.0755183 0.0904028 0.123041 0.104809
0 0.4058 0.453051 0.0669905 0.0264313 0.0289033 0.0188245
1 0.322534 0.118621 0.103021 0.231483 0.179178 0.0451638
1 0.422124 0.118333 0.0693618 0.145171 0.113632 0.131377
0 0.414964 0.456576 0.0656594 0.0217685 0.0262737 0.014758
0 0.299127 0.592913 0.0670978 0.0137241 0.0185632 0.00857497
1 0.45969 0.0626782 0.0572018 0.15493 0.124967 0.140532
1 0.441593 0.438428 0.0620671 0.0201285 0.0255745 0.0122086
0 0.261774 0.630966 0.0681772 0.0131627 0.0170384 0.00888217
5 0.206366 0.0389962 0.0747057 0.336261 0.177723 0.165948
0 0.259758 0.622798 0.0719968 0.01534 0.0188977 0.0112092
1 0.611265 0.0660958 0.0470873 0.0647561 0.106164 0.104632
0 0.391676 0.496726 0.0641472 0.0159861 0.0200882 0.0113764
5 0.248232 0.0455338 0.0980327 0.267556 0.242318 0.098327
0 0.329512 0.565776 0.0638939 0.0132843 0.0187086 0.00882529
1 0.447657 0.43084 0.061373 0.0217887 0.0250131 0.013328
5 0.243474 0.0460917 0.0994106 0.266644 0.244009 0.10037
0 0.350746 0.531393 0.0662127 0.0175614 0.0210775 0.0130093
0 0.41883 0.472981 0.0607099 0.0160494 0.0209599 0.0104707
0 0.433767 0.458671 0.0591174 0.0157816 0.0234059 0.00925704
0 0.386833 0.512853 0.0629686 0.0124783 0.0175475 0.00731999
1 0.460874 0.422841 0.0582258 0.020094 0.026578 0.0113874
0 0.429076 0.443024 0.0640155 0.0234335 0.0258163 0.0146352
0 0.398149 0.494507 0.0628472 0.0146886 0.0209073 0.00890079
5 0.148634 0.0424233 0.089645 0.358906 0.237005 0.123386
1 0.435825 0.420862 0.064711 0.029463 0.0291736 0.0199653
0 0.38577 0.485387 0.0676522 0.0213222 0.0238442 0.0160253
0 0.421818 0.430248 0.0631785 0.0278502 0.0404271 0.0164783
0 0.334681 0.547499 0.0652899 0.0177677 0.0229228 0.0118396
5 0.153451 0.0420411 0.0895311 0.365675 0.232949 0.116354
1 0.52935 0.0517144 0.0465737 0.15654 0.103938 0.111884
0 0.445937 0.446504 0.0588426 0.0163338 0.022381 0.0100016
5 0.144962 0.0415479 0.088079 0.358407 0.248487 0.118517
1 0.444779 0.431344 0.0632716 0.0218857 0.0247726 0.0139472
5 0.142414 0.0502103 0.0929938 0.367489 0.247902 0.0989915
1 0.448696 0.429594 0.0619665 0.0210983 0.0251498 0.0134946
0 0.409175 0.45852 0.0648053 0.0234128 0.0280626 0.0160244
1 0.394657 0.213341 0.0765175 0.081644 0.107534 0.126307
0 0.414521 0.45754 0.0640261 0.022306 0.0273865 0.0142211
0 0.263745 0.622272 0.0699361 0.0151946 0.0187427 0.0101095
0 0.408045 0.45653 0.0641406 0.0246783 0.0314888 0.0151179
0 0.391314 0.400793 0.067343 0.0409625 0.0559759 0.0436113
1 0.348724 0.0413236 0.0601974 0.237904 0.146065 0.165786
1 0.456665 0.436415 0.0582338 0.0168021 0.0204574 0.0114268
0 0.403223 0.472248 0.0667808 0.0196084 0.0253348 0.0128044
0 0.271426 0.613706 0.0694128 0.0158413 0.0194837 0.0101305
0 0.42458 0.444268 0.0649303 0.0243453 0.0269469 0.0149292
1 0.623895 0.0670332 0.0457065 0.0614424 0.102878 0.0990452
1 0.372497 0.0479486 0.0592949 0.1778 0.13574 0.20672
