labels 4 0 8 7 9 1 2 5 6 3
5 1.59639e-05 0.0017275 2.25571e-06 0.000144592 2.80721e-06 5.29246e-06 6.69591e-05 0.994462 0.000108892 0.0034633
1 0.000495805 0.00785368 0.0587171 0.000228706 0.00108942 0.902499 0.020597 0.000302903 0.00797655 0.000239955
4 0.885089 0.00133245 0.000392019 0.000302038 6.98992e-05 4.60773e-05 0.00038367 0.000282406 0.109276 0.00282691
8 0.000561194 0.0276146 0.858583 0.000584207 0.000449955 0.0794474 0.0190279 0.000249608 0.013191 0.000291089
8 0.000113596 0.00359618 0.697275 0.000103723 0.000190828 0.231099 0.0667022 3.7991e-05 0.000835679 4.57372e-05
3 1.30329e-05 0.00192226 1.56188e-05 0.000566501 8.52987e-06 4.62663e-06 9.85945e-05 0.0237828 0.000512852 0.973075
5 4.15264e-06 0.00350819 1.0308e-05 8.24502e-05 1.79084e-06 5.00688e-06 7.29008e-05 0.994899 0.000249443 0.00116668
0 0.000180622 0.88515 0.00100669 0.000469722 0.000331418 0.000552497 0.000966943 0.00981685 0.0859541 0.015571
3 4.90365e-05 0.0157358 5.60292e-05 0.00430468 2.42202e-05 3.02121e-05 0.000518666 0.00926271 0.000780784 0.969238
1 0.000289733 0.0345499 0.0034525 0.000119719 0.000196819 0.917149 0.0406389 0.000359728 0.00263743 0.000606126
0 0.00392811 0.679335 0.0451334 0.0104028 0.0032527 0.0331507 0.0850357 0.0760846 0.0576273 0.00605016
1 0.0034255 0.134903 0.0909117 0.00254682 0.00389521 0.608056 0.127736 0.00253132 0.0216681 0.00432591
1 9.88825e-05 0.00204439 0.436072 6.03691e-05 0.000185258 0.516774 0.0444644 2.42456e-05 0.000265895 9.90274e-06
0 0.000429911 0.816508 0.00649351 0.000422674 0.000574932 0.117615 0.014364 0.00533668 0.0373226 0.000931966
7 6.06397e-05 0.00450168 0.000124639 0.535083 0.00118278 6.15325e-05 0.0140975 0.388622 0.000413517 0.0558527
8 0.00278805 0.0299348 0.531974 0.0110378 0.00854989 0.0576327 0.335242 0.000835714 0.0209469 0.00105839
7 0.00586119 0.0261937 0.0770558 0.611606 0.16824 0.00816593 0.036113 0.0089827 0.0498905 0.00789124
6 0.000522663 0.0899762 0.000132736 3.30157e-05 6.65158e-06 4.64999e-05 6.96777e-05 0.00502273 0.901135 0.00305519
9 0.000390185 0.0134145 0.0263093 0.00918413 0.924463 0.0026683 0.0192643 0.000967224 0.00299205 0.000346865
5 0.000357812 0.160757 0.00012711 0.000352215 0.000102536 0.000101853 0.000160827 0.815887 0.00399228 0.0181608
8 0.00033199 0.00929383 0.849866 0.000340705 0.000429875 0.0889983 0.0475217 0.000162852 0.00287482 0.000180389
3 0.000519553 0.00458012 1.18317e-05 6.17561e-05 7.70501e-06 1.5907e-05 1.98727e-05 0.00395692 0.00205766 0.988769
9 0.000442752 0.0124995 0.0289309 0.0400929 0.838775 0.00326696 0.0484743 0.000959918 0.0254702 0.00108743
4 0.995632 0.000322186 5.81491e-05 0.000188726 5.80806e-05 2.59119e-05 0.000433204 0.000424719 0.0023558 0.000500898
7 8.87725e-05 0.00018314 0.000127011 0.981162 0.000401401 1.17665e-05 0.00161579 0.0100677 0.000111818 0.00623077
4 0.979952 0.00208299 0.000147619 0.000841835 0.000242469 7.10632e-05 0.000355441 0.00462381 0.00996341 0.00171915
7 5.06571e-05 0.000409391 0.000446157 0.991021 0.00364713 2.1238e-05 0.000769986 0.000681607 0.000317383 0.00263571
8 0.00158639 0.101241 0.804061 0.000703503 0.000447824 0.0413244 0.0400658 0.00030306 0.0100055 0.000260999
7 0.000920051 0.0091343 0.00182863 0.881324 0.0696561 0.000239743 0.00883844 0.00644124 0.00149484 0.0201226
4 0.989504 0.00494556 0.000404643 2.4575e-05 5.02674e-05 0.00112807 0.000895487 0.00014867 0.00272883 0.000169725
7 0.000114008 0.002516 0.000664517 0.983694 0.00528922 9.64594e-05 0.00129697 0.0034015 0.000662268 0.00226475
9 0.00393799 0.0194274 0.0725855 0.278012 0.525604 0.00396621 0.0667588 0.00210659 0.0198266 0.00777544
1 0.00228895 0.0199692 0.224975 0.00182136 0.00450265 0.428736 0.304802 0.00154542 0.0100183 0.00134134
7 0.000518466 0.000657674 0.00631807 0.946914 0.0333554 0.000120026 0.00736591 0.000737333 0.000794971 0.00321861
6 0.000380119 0.0923373 0.000195223 4.90117e-05 1.58374e-05 6.38711e-05 6.56969e-05 0.00555903 0.891527 0.00980682
7 0.000928911 0.00612116 0.00471214 0.936217 0.00253521 0.000109089 0.0101998 0.000857743 0.0101159 0.0282035
4 0.995296 0.0010946 0.000366971 3.02878e-05 6.55737e-05 0.000505441 0.000861786 8.87398e-05 0.00158912 0.000101937
2 0.000897189 0.00846563 0.181539 0.00135628 0.00340646 0.355119 0.444064 0.000967159 0.00340704 0.000778005
1 0.00326538 0.0881604 0.0167825 0.00192413 0.00363553 0.560837 0.308994 0.00319194 0.00825873 0.0049498
4 0.851321 0.00359233 0.00192857 0.0144642 0.00174097 6.73409e-05 0.00126157 0.00147161 0.121697 0.00245506
7 0.00538231 0.00162883 0.000838308 0.652819 0.00208673 0.000561178 0.00112181 0.0594689 0.00308159 0.273011
8 0.000285301 0.0133508 0.864867 0.00233069 0.00203225 0.0300289 0.0791369 0.000290225 0.0073623 0.000315791
5 0.00244828 0.214375 0.000488797 0.00155327 0.000560243 0.000497278 0.000508633 0.530027 0.0234357 0.226105
3 0.00110767 0.0318112 0.000483196 0.212073 0.000844571 0.000336399 0.00643277 0.109609 0.0068119 0.63049
4 0.701194 0.00575971 0.0019883 0.00385193 0.0174411 0.000259767 0.00118546 0.000169156 0.264069 0.0040817
9 0.000894206 0.0193294 0.0223876 0.0125302 0.867706 0.00430417 0.0659191 0.00199495 0.00365945 0.00127461
3 0.000688674 0.153947 0.000155504 0.000501785 5.88096e-05 0.000172754 0.000294427 0.0383154 0.010983 0.794883
6 0.00259226 0.0489451 0.075695 0.033746 0.00746676 0.014243 0.055409 0.00311184 0.751795 0.00699576
2 0.00288183 0.060574 0.109654 0.296292 0.0086635 0.0060351 0.452997 0.0102311 0.0192515 0.0334203
3 9.09398e-05 0.00529599 4.19656e-05 0.000523412 6.36882e-05 3.93764e-05 0.00108689 0.0503781 0.000333943 0.942146
5 7.48652e-07 0.00132455 1.10433e-06 0.000156136 1.48316e-06 1.93091e-06 5.24915e-05 0.997056 2.81359e-05 0.00137707
6 3.83683e-05 0.0907391 0.00296724 0.000134776 9.21883e-06 0.000621381 0.000604816 0.000446053 0.903562 0.000877134
0 0.00026124 0.917647 0.000425712 0.00147553 4.87452e-05 7.73902e-05 0.000360997 0.0051946 0.0636919 0.0108174
6 0.000635615 0.336662 0.00351244 0.000137546 1.45413e-05 0.000486783 0.000384642 0.00064568 0.656932 0.000589105
6 0.00504348 0.0852041 0.0805531 0.00362883 0.00555972 0.229158 0.0178279 0.00689362 0.560053 0.0060787
1 0.00343875 0.00663214 0.00213116 0.000589653 0.00396612 0.943502 0.0273194 0.00216668 0.00894798 0.00130593
6 4.65479e-05 0.140058 0.00148649 0.000249739 2.35049e-05 0.000658836 0.00185765 0.00491018 0.847464 0.00324529
8 0.000524284 0.024095 0.898728 0.000309168 0.000338318 0.0421843 0.0167444 0.000111155 0.0168397 0.0001253
3 0.0839267 0.0045614 0.00127464 0.0404488 0.00207317 0.000857951 0.00181526 0.00658239 0.0340146 0.824445
3 0.00305035 0.00731905 3.72278e-05 0.00120298 3.59367e-05 3.02766e-05 5.75951e-05 0.0332174 0.00887055 0.946179
0 0.00563198 0.470856 0.00076999 0.0012035 0.000522783 0.00062814 0.000684251 0.427183 0.0599323 0.0325882
4 0.992502 0.000944044 4.84873e-05 0.000331749 8.25234e-05 1.84467e-05 0.000220872 0.00201719 0.00256001 0.00127433
1 8.03868e-05 0.00671956 0.0236948 3.89108e-05 6.97985e-05 0.949972 0.0137063 0.000125321 0.00553754 5.57225e-05
0 0.000390853 0.918249 0.0023591 0.00147694 0.00136334 0.000938958 0.00289474 0.00276221 0.0547897 0.0147753
3 9.81465e-05 0.00193482 0.000824961 0.0373518 0.000510895 7.88896e-05 0.00594206 0.00702449 0.000853747 0.94538
3 0.00233704 0.123394 0.0106773 0.0825593 0.0037326 0.00257877 0.0311163 0.168688 0.0205175 0.554399
1 0.000636463 0.0462725 0.00127824 7.22636e-05 9.3151e-05 0.922004 0.0216377 0.000704844 0.00606265 0.00123837
9 0.000406408 0.00277953 0.0313688 0.00710686 0.869388 0.00914815 0.0784506 0.00038641 0.000776502 0.000189156
7 0.00368898 0.00732775 0.0590012 0.757673 0.111633 0.00153827 0.0218701 0.00345709 0.026546 0.00726481
0 0.00114582 0.938512 0.0290397 0.00252107 0.000341147 0.000987799 0.0036712 0.00264798 0.0205763 0.000556995
6 0.0561491 0.0585629 0.02537 0.268719 0.0254121 0.00622211 0.0230244 0.0108476 0.315184 0.210509
9 0.000628032 0.00648633 0.0173744 0.0086791 0.95652 0.000668316 0.00402373 0.0003014 0.00512917 0.000189251
2 0.000143797 0.0113988 0.0906638 0.0251797 0.0253004 0.00515879 0.838715 0.00101654 0.00144895 0.000973851
7 5.57262e-05 0.000185568 0.000721692 0.991533 0.00405529 2.53097e-05 0.00167527 0.000344978 0.000246862 0.00115656
8 0.000759174 0.0309434 0.859735 0.00112018 0.000844865 0.0726588 0.0209831 0.000522814 0.0119594 0.000473325
5 1.43564e-05 0.00979821 4.65002e-05 0.000319432 8.3333e-05 3.80748e-05 0.00101958 0.921444 0.000330868 0.0669053
7 0.0158569 0.0351358 0.0367133 0.298973 0.0421859 0.00990067 0.0273312 0.112877 0.264475 0.156552
2 0.000608782 0.0166958 0.00867719 0.310128 0.00713816 0.00104578 0.410514 0.0400714 0.00716731 0.197954
8 0.00341612 0.00525099 0.86782 0.000162577 0.00036225 0.0864236 0.032944 7.04058e-05 0.00346636 8.34577e-05
1 0.0196257 0.0578424 0.259302 0.0207647 0.0558203 0.371949 0.142739 0.00747012 0.0575846 0.00690255
1 0.000138443 0.0231822 0.0160546 0.000124476 0.000220633 0.897383 0.0608288 0.000190825 0.00163339 0.000244111
0 0.00102251 0.807987 0.0342708 0.00083374 0.00069553 0.0215669 0.0262753 0.000875826 0.103499 0.00297276
9 0.00017103 0.00976797 0.0292547 0.0105128 0.799891 0.00893723 0.123486 0.000386855 0.0168773 0.000715143
1 5.75343e-05 0.00211135 0.141145 5.31731e-05 0.000362198 0.840226 0.0153689 6.98208e-05 0.000572264 3.34788e-05
8 0.000339197 0.162435 0.756855 0.00228287 0.000330298 0.0130169 0.0279064 0.000469461 0.0359406 0.000424347
5 0.000238964 0.272372 0.000130376 0.000439247 6.91036e-05 0.000167521 8.89383e-05 0.709602 0.0157753 0.00111674
4 0.958537 0.00716358 0.00431785 0.000137693 0.000284668 0.00628897 0.00370663 0.000157965 0.0188211 0.000584681
6 0.0223357 0.0707022 0.162408 0.0657095 0.149303 0.0159255 0.0497247 0.0103893 0.438243 0.0152588
7 0.000753251 0.000707551 0.00215622 0.943866 0.0410997 9.13813e-05 0.00424162 0.00124825 0.00100783 0.00482839
4 0.410399 0.0475103 0.11702 0.0270654 0.0613747 0.0414196 0.149093 0.00493202 0.125533 0.0156538
5 5.67258e-05 0.0144516 0.000122848 0.000455641 2.61953e-05 3.31353e-05 0.000400443 0.97634 0.00136949 0.00674413
3 0.00158691 0.00658288 0.000275579 0.0310819 0.0016262 0.000403412 0.0114213 0.0979081 0.00341761 0.845696
1 0.000293939 0.00784014 0.0238726 6.62536e-05 0.000102057 0.960478 0.00687963 0.00013809 0.000219842 0.000109883
6 0.00354041 0.388105 0.0839442 0.00149755 0.000810607 0.0150955 0.00500603 0.00160703 0.498959 0.00143524
5 0.012969 0.0789913 0.0366055 0.18583 0.0377084 0.0146016 0.0214747 0.285814 0.283579 0.0424271
7 0.00229223 0.00174864 0.0174837 0.82507 0.13546 0.000355187 0.011243 0.0013732 0.00183712 0.00313656
8 0.000221744 0.0313629 0.841732 0.000211419 0.000286127 0.0932902 0.0285632 0.000128841 0.00408011 0.000123276
1 0.000782081 0.0264296 0.29232 0.00103869 0.00632855 0.529694 0.127268 0.000618507 0.0150098 0.00051112
9 0.00634185 0.0118888 0.0483423 0.00521575 0.888535 0.00938545 0.02402 0.000863308 0.00477143 0.000636235
0 0.000234814 0.866487 0.00145887 0.000363109 6.33695e-05 0.00329864 0.00574355 0.0145465 0.105597 0.00220734
2 0.000728585 0.0360845 0.0466232 0.00100067 0.0118976 0.233092 0.665661 0.000653221 0.00311162 0.00114758
2 9.99993e-05 0.00732879 0.0241677 0.0287651 0.0206147 0.00201823 0.911581 0.00236773 0.00129279 0.00176447
7 0.000534392 0.000557493 6.15222e-05 0.966219 0.000580387 3.28985e-05 0.000231505 0.0128793 0.000743255 0.01816
2 0.00449276 0.0550125 0.0582553 0.079504 0.0348528 0.0428367 0.307452 0.173545 0.228315 0.0157339
1 0.107201 0.0237658 0.164438 0.0120294 0.0207094 0.494185 0.110016 0.0126419 0.0449711 0.0100426
9 0.000246696 0.00472521 0.0200356 0.00487584 0.887847 0.00568404 0.0721154 0.000167886 0.00411314 0.000189051
1 0.000135201 0.017901 0.0434257 0.000118426 0.000184479 0.908877 0.0201435 0.000220503 0.00886023 0.000133755
8 0.000103791 0.0022441 0.603925 0.00025164 0.00091851 0.152761 0.239349 5.46329e-05 0.000335435 5.68082e-05
5 0.000220251 0.139318 5.78243e-05 0.00030819 2.39027e-05 3.04078e-05 8.8e-05 0.85169 0.00256347 0.0056999
7 8.0649e-05 0.000410358 0.000912385 0.987729 0.00652277 4.57797e-05 0.00138838 0.000637956 0.000313698 0.00195903
5 3.5605e-05 0.09073 4.94353e-05 8.17249e-05 1.88344e-05 5.21974e-05 9.22354e-05 0.906769 0.00154547 0.000625869
1 0.000761275 0.0833977 0.0142465 0.000211036 0.000354299 0.84287 0.0536238 0.000487595 0.00343733 0.000610781
5 1.27848e-05 0.0476333 3.05661e-05 0.000278646 5.0682e-05 7.36895e-06 0.000164796 0.930569 0.000669173 0.0205832
6 0.000146887 0.0476109 9.40177e-05 7.83534e-05 1.93182e-05 8.06402e-05 7.33872e-05 0.00708146 0.940202 0.00461333
5 7.70497e-05 0.0911762 3.91145e-05 0.000462383 3.50683e-05 1.34612e-05 8.31889e-05 0.879935 0.00289886 0.0252793
5 1.81474e-05 0.00933394 3.33726e-06 9.90463e-06 1.65547e-06 7.77879e-06 1.50512e-05 0.989725 0.0001832 0.000701849
6 0.16619 0.0605818 0.0407732 0.189276 0.0470899 0.0106231 0.0266447 0.0186494 0.409368 0.0308044
4 0.988127 0.000477168 0.000637192 0.00016189 0.000394105 0.00146965 0.00449961 6.76726e-05 0.00360029 0.000565075
5 1.28563e-05 0.00260967 1.18402e-05 7.20324e-05 3.46384e-06 1.10054e-05 0.000236464 0.981769 9.55429e-05 0.0151783
1 0.000652525 0.011038 0.392389 0.000632257 0.00142955 0.488232 0.0752021 0.000290575 0.0297165 0.000416927
2 0.000284131 0.00121974 0.353577 0.000428263 0.00108853 0.198864 0.443668 0.000212858 0.000418194 0.000238581
1 0.000956571 0.0563869 0.0180365 0.000707281 0.00131974 0.659299 0.257622 0.00110115 0.00313983 0.00143128
1 0.00226149 0.061553 0.0343709 0.00123327 0.00183162 0.836406 0.0259209 0.00269718 0.0318297 0.00189555
6 5.94253e-05 0.449164 0.00614811 0.000203088 2.90653e-05 0.00111855 0.00134717 0.00132745 0.539899 0.000704063
3 2.89054e-05 0.015998 2.33118e-05 0.0101116 1.58234e-05 1.03227e-05 0.000203004 0.0986286 0.00111578 0.873865
6 0.000376074 0.0312222 0.000430028 2.27588e-05 9.97107e-07 5.33654e-05 3.12317e-05 0.000122562 0.967035 0.000705407
4 0.881947 0.00353103 0.000615214 0.000728181 0.000207391 0.000272623 0.00200643 0.00141999 0.0874445 0.0218272
0 0.00115018 0.904751 0.000321649 7.97636e-05 1.07246e-05 0.000373245 0.000463283 0.000960779 0.090571 0.00131799
2 8.22094e-05 0.00435121 0.0522009 0.00931457 0.0639503 0.00608745 0.86192 0.000663432 0.000911067 0.000518831
9 0.00111256 0.00278206 0.0335625 0.00641858 0.941344 0.00108006 0.00621528 0.000192025 0.00711901 0.000173717
5 3.77461e-06 0.0017246 3.38823e-06 3.44221e-05 2.26922e-06 6.81832e-06 1.39038e-05 0.988595 0.000274266 0.00934154
7 4.16658e-05 0.000328498 0.000431515 0.995627 0.00126567 4.30464e-06 0.000157645 0.000326752 0.00150641 0.000310317
8 0.0122058 0.137518 0.676172 0.00106619 0.000846654 0.0522636 0.0844272 0.000445137 0.0341963 0.000859289
2 8.34854e-05 0.00764534 0.0367917 0.0182702 0.00141142 0.0017806 0.929062 0.00339624 0.000295599 0.00126358
4 0.994979 0.000469359 1.92184e-05 0.000249937 3.23671e-05 1.26117e-05 0.00017776 0.000434265 0.00251699 0.00110882
8 0.000369479 0.0116371 0.549691 0.000661479 0.00143892 0.403537 0.0286815 0.000223756 0.00362818 0.000131489
6 0.00374451 0.0340005 0.00993859 0.0327692 0.0205545 0.000919503 0.00475375 0.00265099 0.883999 0.00666925
3 9.03609e-05 0.0124038 3.77453e-05 0.000911268 2.21791e-05 3.41954e-05 0.000100163 0.0147243 0.00384633 0.96783
9 0.000142492 0.0160747 0.0238672 0.0118848 0.675605 0.0091709 0.251771 0.00102072 0.00978225 0.000680542
9 0.00836996 0.0185652 0.23835 0.0110083 0.5513 0.0321388 0.129819 0.0016011 0.00698094 0.00186717
8 0.000608544 0.0306861 0.849182 0.000878662 0.000747054 0.0814804 0.0276996 0.000435705 0.00788633 0.00039546
7 0.000948839 0.000513288 0.000194944 0.921997 0.000677701 9.85892e-05 0.000295656 0.0178533 0.00118268 0.0562376
4 0.639011 0.034235 0.0216404 0.0487659 0.0221 0.00417607 0.0157387 0.00519168 0.198592 0.0105492
2 0.000699834 0.0257694 0.303003 0.00400838 0.0108687 0.275665 0.361956 0.00100702 0.0162488 0.000773374
4 0.311459 0.0424998 0.160222 0.0310194 0.0823279 0.0510483 0.197032 0.00600212 0.105286 0.0131036
9 0.000516298 0.00322439 0.030949 0.00444648 0.943483 0.00245868 0.0113051 0.000157621 0.00331917 0.000140598
6 0.000120661 0.120819 0.000602637 5.07574e-05 3.00662e-06 0.000190724 0.000238819 0.00103838 0.874981 0.00195542
2 0.000187923 0.0129734 0.0825478 0.0260874 0.0412626 0.00486588 0.827806 0.000986418 0.0020052 0.00127699
2 0.000152013 0.00526081 0.00522672 0.0317339 0.0818151 0.000989831 0.85345 0.0131912 0.00114154 0.00703924
6 0.383883 0.0666755 0.0139223 0.00209052 0.00169665 0.0032034 0.00232879 0.00189639 0.519783 0.00452075
8 0.00158929 0.0193193 0.542293 0.0234519 0.108559 0.0183624 0.272655 0.0021145 0.00943408 0.00222173
5 6.79725e-05 0.0159829 8.41499e-06 3.48277e-05 6.16434e-06 1.31976e-05 3.08342e-05 0.980482 0.000301571 0.00307234
8 0.000230267 0.0238253 0.7891 0.000170314 0.000221453 0.167493 0.0145788 8.85389e-05 0.00421112 8.05969e-05
6 0.0031643 0.0474778 0.137785 0.0239953 0.100044 0.00844746 0.0344902 0.00331038 0.636681 0.00460502
9 0.000122117 0.00920933 0.00600925 0.00344804 0.975135 0.000639057 0.00345468 0.00038006 0.00144762 0.000154443
8 0.000665696 0.0166042 0.649289 0.00321522 0.0152118 0.227867 0.0809344 0.000895845 0.00470242 0.000613822
0 0.00115209 0.490037 0.0477685 0.00135888 0.000479095 0.0114478 0.00905807 0.0021858 0.435077 0.00143519
0 0.00154922 0.556875 0.0440055 0.00451515 0.00517649 0.00837292 0.00604189 0.01556 0.351119 0.00678474
2 0.00247628 0.0593 0.145943 0.0402464 0.0282219 0.0110299 0.687564 0.00408509 0.0139117 0.00722171
3 0.0188411 0.00852074 0.000718297 0.0399177 0.0049134 0.00103284 0.0130566 0.0296731 0.0101887 0.873138
9 0.00115074 0.0147415 0.0175867 0.0526238 0.886801 0.000539933 0.00620063 0.00168894 0.0176496 0.00101688
9 9.69361e-05 0.00671957 0.0114432 0.00813964 0.951981 0.00117296 0.00976 0.000448474 0.0100311 0.000207055
8 0.00245913 0.00728123 0.588121 0.00375096 0.00205276 0.00564856 0.0135797 0.000199256 0.37601 0.000897273
6 0.0201156 0.161327 0.0301196 0.000472959 0.000184812 0.0062158 0.0024449 0.00109183 0.776569 0.00145825
2 0.000665112 0.00672778 0.144068 0.0492073 0.390928 0.00721081 0.391232 0.000597153 0.00767716 0.00168616
0 0.000929485 0.813833 0.00129057 0.00575016 0.00107161 0.000819493 0.00149936 0.0909727 0.0519389 0.0318952
8 0.000319897 0.00466369 0.522736 0.000907627 0.005264 0.414724 0.0490038 0.00019312 0.00203886 0.000148963
1 0.00816752 0.0798841 0.00317835 0.000105686 0.000123929 0.87933 0.00960848 0.000722402 0.0156723 0.00320695
5 4.45006e-05 0.00530868 3.5824e-05 0.000148012 1.39086e-05 2.64733e-05 0.000501821 0.961042 0.000244969 0.0326333
6 0.163294 0.0731727 0.0587019 0.117282 0.0528677 0.0119321 0.0284775 0.0115852 0.461732 0.0209539
5 5.04741e-05 0.0535676 2.32616e-05 6.46877e-05 9.06142e-06 3.11786e-05 8.07536e-05 0.943897 0.000548676 0.00172772
0 0.00247856 0.795104 0.0122905 0.00743195 0.00141876 0.00320803 0.0114359 0.12577 0.0362045 0.00465723
7 0.000384094 0.000794347 0.00018287 0.994606 0.000429413 1.08474e-05 0.00014061 0.00123251 0.000712242 0.00150664
0 0.00148148 0.677315 0.190261 0.00239662 0.00187612 0.0285766 0.0555397 0.00144927 0.038391 0.00271333
7 0.000624264 0.00806117 0.00945786 0.819633 0.13108 0.000186599 0.0051257 0.003 0.00160765 0.0212239
3 0.000374212 0.0498771 0.000218215 0.00114309 0.000293235 0.000407796 0.00229622 0.0871369 0.00507925 0.853174
9 8.89724e-05 0.0102033 0.0135965 0.00939195 0.943701 0.00133558 0.0185832 0.00103432 0.00181675 0.00024853
3 5.43411e-05 0.00349145 1.64871e-05 0.00385229 1.69654e-05 1.42199e-05 0.000232691 0.0286275 0.000805128 0.962889
4 0.905348 0.00602549 0.000865521 0.000100292 0.000170182 0.000466961 0.000559109 7.06965e-05 0.0859809 0.000412859
7 4.34527e-05 0.00220966 0.00540436 0.900366 0.0761936 7.91874e-05 0.00327073 0.00104415 0.0063593 0.00502975
8 0.000529614 0.027796 0.883797 0.000295914 0.000280702 0.053017 0.0253957 0.000143864 0.00857185 0.000172517
2 6.99706e-05 0.00353737 0.039548 0.00417935 0.0141679 0.00600835 0.930847 0.000789646 0.000462882 0.000389781
4 0.998477 7.60253e-05 1.38184e-05 5.9742e-05 3.28103e-05 1.34235e-05 0.000233896 5.60213e-05 0.000958381 7.86344e-05
0 0.000613996 0.960022 0.00181856 0.000537769 7.32105e-05 0.000633291 0.0025911 0.000904222 0.0296091 0.00319631
6 0.000100952 0.207675 0.00249216 0.000661207 4.55065e-05 0.000663998 0.00154588 0.00843692 0.774221 0.00415751
6 0.00187986 0.0415647 0.162315 0.0213997 0.153954 0.0206508 0.101173 0.00219932 0.491669 0.00319436
4 0.985941 0.00266277 0.00027813 0.000312147 0.000153155 0.000102426 0.000446942 0.00138743 0.00818795 0.000528242
5 3.39546e-06 0.00350156 1.41126e-06 1.33332e-05 1.00907e-06 3.38584e-06 1.41761e-05 0.995047 6.53064e-05 0.00134982
0 0.000945833 0.627613 0.00122976 0.000544537 0.000117393 0.00207803 0.00193487 0.0318686 0.327741 0.00592729
6 0.0046234 0.0242247 0.00464405 0.0148326 0.00827419 0.000480536 0.00253856 0.00324069 0.924796 0.0123457
6 0.103532 0.0746785 0.0277851 0.280599 0.0392812 0.0098536 0.021051 0.0236053 0.37794 0.0416744
4 0.944212 0.00274615 0.00650827 0.000611352 0.000455672 0.0209301 0.0141685 0.000280906 0.00876911 0.00131752
2 8.52252e-05 0.00145244 0.0318475 0.00444527 0.0443165 0.00592441 0.910902 0.000534776 0.000246502 0.000245441
4 0.612205 0.0379979 0.00141613 0.00165306 0.000970621 0.00116478 0.00159927 0.0422007 0.249342 0.0514502
3 0.017466 0.0149048 0.000321471 0.000561068 0.000172538 0.000383194 0.000615493 0.00438875 0.0824893 0.878697
2 8.43341e-05 0.00770442 0.0220861 0.0189642 0.0195157 0.00228069 0.924336 0.00254768 0.00105778 0.00142291
2 0.00338242 0.0933982 0.0827025 0.102137 0.00986427 0.00926676 0.65791 0.00994283 0.0132274 0.0181679
4 0.609354 0.0302331 0.0706734 0.0126712 0.0295518 0.0379892 0.13798 0.0031557 0.0563705 0.0120211
5 1.13349e-05 0.00157374 1.73958e-05 0.000159016 2.9737e-06 6.03825e-06 0.000125335 0.982273 0.00017241 0.0156585
8 0.000801633 0.024313 0.685294 0.00394489 0.0141568 0.184363 0.0794442 0.00114227 0.00579924 0.000741092
3 0.000725091 0.00474607 3.3046e-05 0.000945286 2.11731e-05 5.99973e-05 0.000151143 0.00870627 0.00871497 0.975897
4 0.860975 0.00663646 0.000485081 0.000164224 0.000208918 0.00030869 0.000463303 0.000409236 0.129754 0.000595389
2 0.00105067 0.0263111 0.070089 0.066943 0.00594915 0.00359319 0.813213 0.00396748 0.00404619 0.00483697
5 3.56014e-05 0.011314 7.9903e-05 0.000144689 1.75498e-05 3.11496e-05 0.000524371 0.972082 0.000259461 0.0155109
4 0.994065 0.000762974 0.000113266 0.000227829 7.69858e-05 3.58203e-05 0.000374075 0.000524933 0.00312262 0.000696475
1 2.53238e-06 0.00115405 0.423073 2.64731e-05 0.000132311 0.456027 0.119472 6.35302e-06 0.000104702 2.03135e-06
0 0.00408334 0.404933 0.0585787 0.0037422 0.00348906 0.147563 0.0473114 0.00935725 0.315195 0.00574668
4 0.59449 0.0389208 0.0253147 0.0776745 0.0296595 0.00504129 0.0191763 0.0100593 0.184828 0.0148359
4 0.956644 0.00695038 0.00540318 0.000305739 0.000446703 0.00818399 0.00545236 0.000233048 0.0157635 0.00061689
4 0.306857 0.0743667 0.190476 0.0197368 0.0450366 0.0619948 0.123826 0.00885366 0.1565 0.0123516
7 0.00053646 0.00651198 0.0219151 0.670902 0.243169 0.000664942 0.0424667 0.00300191 0.00382243 0.007009
6 4.15588e-05 0.0475602 0.000186898 4.61506e-05 9.56657e-06 0.000251905 0.000244707 0.00408908 0.944338 0.0032323
0 0.295049 0.40193 0.132551 0.0202701 0.0276244 0.00708456 0.0109793 0.0337931 0.0555046 0.0152135
3 0.0293666 0.0214783 0.000227183 0.00643512 0.000182134 0.00014242 0.000247138 0.0105142 0.0670478 0.864359
1 0.00101343 0.0341843 0.030898 0.000588082 0.000907251 0.877775 0.0338709 0.00157436 0.0183558 0.000833204
8 0.000218678 0.0781203 0.832133 0.00627673 0.00104221 0.0129381 0.0453474 0.000601005 0.0229028 0.000419661
0 0.000179662 0.910498 0.000251874 0.000530457 1.98293e-05 0.000167131 0.000477804 0.0133845 0.0719716 0.00251885
1 0.000358735 0.0073392 0.374433 0.00067181 0.000193544 0.590884 0.0207175 0.00135981 0.00368998 0.000352755
6 0.00985112 0.0624272 0.149146 0.0651284 0.150115 0.0127804 0.073672 0.00793987 0.451981 0.0169587
2 0.000773116 0.00487397 0.201879 0.0457938 0.255981 0.0104789 0.470668 0.00089595 0.007112 0.00154433
9 6.65085e-05 0.0062131 0.00919747 0.0812668 0.875967 0.000708488 0.0192025 0.00115933 0.00571227 0.00050689
9 0.00417257 0.0220682 0.100301 0.0254095 0.65581 0.00681909 0.0300361 0.0033018 0.147945 0.00413777
5 0.000153274 0.145897 7.24631e-05 0.000312679 4.16161e-05 6.5382e-05 0.000179918 0.845562 0.00261865 0.00509647
7 0.000454025 0.000215659 8.72802e-05 0.983067 0.000692564 1.14519e-05 9.81958e-05 0.00376712 0.00215718 0.00944977
1 0.00044298 0.0779815 0.0313142 0.000587099 0.000905428 0.484904 0.396242 0.00469411 0.000942055 0.00198672
5 0.00861472 0.198476 0.0577063 0.185466 0.0234387 0.00912314 0.0471592 0.258197 0.0865832 0.125236
0 0.000411274 0.76204 0.0510237 0.000797691 0.000193929 0.00664608 0.01322 0.000395108 0.164154 0.00111791
7 0.00679925 0.00175629 0.000346022 0.855373 0.0175547 0.000228946 0.00707244 0.00662097 0.00248624 0.101762
9 0.00355542 0.041091 0.082533 0.102718 0.426187 0.00577804 0.036188 0.0041592 0.290513 0.00727775
1 0.00840416 0.0985099 0.221764 0.00569318 0.00592903 0.37137 0.0310461 0.0054371 0.245807 0.00603952
9 0.000380858 0.00271071 0.017759 0.00476223 0.948359 0.00236961 0.0210449 0.00026285 0.00218628 0.000164812
0 0.0264255 0.692814 0.00323547 0.00236814 0.00119049 0.0157128 0.00950177 0.0205075 0.103962 0.124283
2 0.000129933 0.00171701 0.00805413 0.064776 0.11487 0.000800681 0.792016 0.0155017 0.000404273 0.00173051
8 0.00107261 0.011613 0.881885 0.00384183 0.00286595 0.0182317 0.0524398 0.00018837 0.0275143 0.000347572
5 1.12687e-05 0.00205088 1.98761e-05 0.000131232 3.0496e-06 7.33374e-06 0.000140601 0.985022 0.000200295 0.0124138
4 0.972529 0.00207619 9.0307e-05 0.000467225 0.00021421 8.68224e-05 0.000426036 0.0111713 0.00980682 0.00313233
2 0.0022583 0.0488402 0.0217817 0.0044161 0.0236123 0.368003 0.47542 0.0041367 0.0485647 0.00296634
4 0.991536 0.000728192 5.7691e-05 0.000176472 0.0001343 8.98208e-05 0.000847938 0.00143074 0.00394299 0.00105566
1 0.0014369 0.026645 0.0716874 0.000465136 0.000750035 0.860832 0.0356888 0.000710225 0.00110894 0.000675579
9 0.000961802 0.00674143 0.0125309 0.0147059 0.949809 0.000884642 0.00653181 0.000753415 0.00672067 0.000360004
3 9.52226e-05 0.0147512 3.37523e-05 0.00283117 2.79528e-05 4.33037e-05 0.000326267 0.0369049 0.00222185 0.942764
6 0.000117543 0.19778 0.00288821 0.00114513 5.61687e-05 0.000847312 0.00214991 0.0083564 0.780779 0.00587992
7 0.000238261 0.00139033 0.000107957 0.941945 0.000912345 4.81428e-05 0.000206678 0.0375682 0.000583091 0.0169995
2 6.94007e-05 0.00553762 0.0142143 0.0265423 0.0166362 0.00126922 0.930159 0.00312839 0.000831847 0.00161131
2 0.000668931 0.0149258 0.262274 0.00911848 0.141872 0.0253252 0.539802 0.00040933 0.00485761 0.000746405
3 0.000845835 0.051004 0.000552564 0.0498077 0.00132842 0.000475048 0.00219424 0.253847 0.0233864 0.616559
5 3.77529e-05 0.00763375 8.02824e-06 0.000166155 8.37649e-06 1.21465e-05 7.41999e-05 0.986372 0.000328881 0.00535854
5 9.94708e-05 0.0189969 2.7259e-05 0.000274402 3.24975e-05 4.42122e-05 0.00048884 0.969764 0.000295849 0.00997674
8 0.00174197 0.0327527 0.827058 0.00154486 0.00128803 0.0791571 0.0103564 0.00121159 0.0439433 0.000945799
5 0.000135065 0.0171979 0.000387657 0.437782 0.00179471 0.0002186 0.0221564 0.457152 0.000986597 0.0621896
2 0.000204386 0.0141184 0.0310703 0.00867647 0.00113356 0.00317565 0.93559 0.00346257 0.000695179 0.00187357
7 0.000282726 0.000510036 0.000732441 0.992179 0.00225709 4.64877e-05 0.000603764 0.000425251 0.00110374 0.00185941
3 0.000135067 0.0012537 0.000101275 0.00444131 8.73503e-05 2.15163e-05 0.000399598 0.0282082 0.00173033 0.963622
7 0.00929568 0.0205545 0.0147772 0.333603 0.109506 0.0124308 0.156717 0.072447 0.0172689 0.2534
5 2.11169e-05 0.0222891 9.89309e-05 0.00129026 4.47021e-05 6.7901e-05 0.00127713 0.957761 0.00314453 0.0140053
5 0.000272079 0.163452 7.12124e-05 0.000578521 2.21629e-05 5.9501e-05 5.502e-05 0.826451 0.00710117 0.00193723
8 7.97084e-05 0.00555622 0.640588 0.00318365 0.00452817 0.0207907 0.320966 0.000117756 0.00402884 0.000161518
1 1.68486e-05 0.000706799 0.128777 3.11073e-06 1.35316e-05 0.861757 0.00864215 1.33411e-05 6.70716e-05 2.59824e-06
6 0.00138105 0.029837 0.0058342 0.00640536 0.415358 0.000922637 0.00385494 0.00212606 0.532085 0.002195
1 0.00261162 0.0411042 0.204787 0.00124701 0.00141461 0.671203 0.0348744 0.00119081 0.0404367 0.00113011
8 9.67882e-05 0.00637841 0.731049 0.00105975 0.00078844 0.157173 0.101779 0.000142749 0.0014314 0.000101468
3 8.40795e-05 0.0190783 2.9098e-05 0.000271251 4.9364e-05 0.000111691 0.0011653 0.0790607 0.000998217 0.899152
3 0.0282528 0.0207329 0.000425874 0.000546691 0.000282402 0.000500869 0.000517085 0.00510454 0.0706301 0.873007
2 0.000397064 0.00321861 0.103641 0.00376603 0.235763 0.019534 0.631927 0.000342824 0.000970427 0.000440406
0 0.000112794 0.860752 0.00190739 0.00153196 0.000372426 0.000852943 0.00217033 0.00534667 0.115656 0.0112974
2 0.000184535 0.0018641 0.15542 0.00223998 0.0129738 0.0220142 0.804365 0.000345412 0.000322322 0.000270751
0 0.0147139 0.612586 0.0343795 0.0188839 0.00386255 0.0193998 0.0497902 0.140837 0.0840647 0.0214829
3 0.00158797 0.030007 0.000487015 0.0941189 0.000970014 0.000366225 0.00419434 0.0524433 0.0139683 0.801857
7 0.00149761 0.000429051 6.5504e-05 0.975696 0.00071286 2.21166e-05 0.000211613 0.00779898 0.00151641 0.0120497
3 0.00354125 0.0239418 0.00108216 0.190079 0.00239005 0.000325874 0.0037159 0.00920857 0.0156624 0.750053
2 0.0603312 0.0301149 0.257141 0.0132961 0.134395 0.0860869 0.345757 0.00428874 0.0581726 0.0104173
5 8.13981e-05 0.00950313 7.37093e-06 0.000205602 9.84109e-06 8.85965e-06 4.48101e-05 0.978554 0.00046789 0.0111168
5 2.55188e-06 0.00474156 2.77291e-06 5.37697e-06 5.65683e-07 3.32106e-06 5.037e-05 0.994808 1.69597e-05 0.000368765
2 0.000451479 0.00597928 0.100928 0.131934 0.35255 0.00272684 0.399944 0.000549542 0.00336457 0.00157163
7 0.00480893 0.0186244 0.0946877 0.692796 0.0325414 0.00382866 0.104267 0.00264941 0.0339536 0.0118427
5 3.66582e-05 0.00197257 2.87067e-05 0.000448853 8.7977e-06 1.1125e-05 0.000304486 0.896116 0.000279371 0.100794
5 0.000455972 0.0181624 0.000643006 0.00662711 0.00103713 0.0004487 0.00167296 0.902678 0.0146679 0.0536072
7 0.00274564 0.0295267 0.113918 0.493464 0.0128998 0.00317372 0.295224 0.00423319 0.0202864 0.0245295
0 0.000106469 0.953167 0.000433094 0.000278296 1.48234e-05 6.90459e-05 0.000320914 0.00603954 0.0388067 0.000763754
6 0.000213661 0.0888842 0.000227193 1.81698e-05 8.13325e-07 0.000151694 0.000100277 0.000475858 0.909083 0.000844649
4 0.982687 0.0015202 0.000175592 0.000608813 0.000243755 9.49869e-05 0.000432955 0.00322603 0.0101664 0.000843767
6 0.000268708 0.319215 0.0199078 0.00205936 0.000258271 0.000425087 0.000595793 0.00361738 0.650642 0.00301019
9 0.0120968 0.0387375 0.115917 0.116196 0.400646 0.00937914 0.0528525 0.0074576 0.23439 0.0123281
0 0.00270781 0.595577 0.000644003 0.000513192 0.000233172 0.000468287 0.000302235 0.36114 0.0313962 0.00701814
6 0.000332194 0.112822 0.000179242 9.7535e-05 4.60673e-05 0.000148381 0.000116767 0.00490649 0.863908 0.0174438
5 0.000106297 0.0224803 0.000332969 0.000770097 8.54717e-05 0.000125152 0.00164706 0.940947 0.00130073 0.0322047
4 0.933023 0.00199124 0.000155851 0.000347434 0.000149809 9.09767e-05 0.000327328 0.000176175 0.0601932 0.00354467
2 6.7976e-05 0.00606301 0.0408343 0.0157963 0.00961047 0.0030219 0.921645 0.001575 0.000552056 0.000834178
9 9.38948e-05 0.0046558 0.00824954 0.00891286 0.96335 0.00062681 0.0117899 0.00052801 0.00160539 0.000187418
2 0.00364422 0.164445 0.208369 0.0116145 0.00968245 0.0789098 0.501857 0.00544296 0.00960541 0.00642973
3 0.000176556 0.00939431 3.26488e-05 0.00292051 2.48823e-05 3.53495e-05 0.000342205 0.0283308 0.00137969 0.957363
0 0.00197122 0.922617 0.000733805 0.000426481 0.000313626 0.00534458 0.00267793 0.013296 0.0244462 0.0281727
8 5.0883e-05 0.00189345 0.586697 4.91669e-05 0.000699415 0.347344 0.0628766 2.2862e-05 0.000347035 1.96139e-05
2 0.000118254 0.00172361 0.0474718 0.00325884 0.0380027 0.010306 0.898085 0.000495633 0.000292492 0.000246034
7 0.000168344 0.00117397 0.000118303 0.976628 0.000896717 2.19734e-05 0.000253521 0.00803227 0.000571749 0.0121355
7 0.000268314 0.017379 0.00023639 0.788842 0.000162935 2.65405e-05 0.000967916 0.00755078 0.00110612 0.18346
6 0.397112 0.0505038 0.0161229 0.0337398 0.0142023 0.00380862 0.00816426 0.00550441 0.460577 0.0102646
4 0.994609 3.55038e-05 2.22099e-05 8.8712e-06 1.45442e-05 5.41963e-05 0.00020167 1.10827e-05 0.00495649 8.61209e-05
3 5.31731e-05 0.0143705 0.000281705 0.00761979 8.97411e-05 7.40749e-05 0.00154382 0.0310372 0.00437086 0.940559
1 0.000266098 0.00788249 0.0654919 7.02404e-05 9.67369e-05 0.903047 0.0149734 0.00012023 0.00796439 8.70188e-05
4 0.374518 0.0333489 0.0294454 0.11093 0.027017 0.00628801 0.033337 0.00457559 0.342973 0.0375671
9 4.66214e-05 0.00452633 0.00573512 0.0115407 0.936553 0.0011511 0.0356763 0.000412587 0.00415429 0.000203448
6 0.0151829 0.0809699 0.218131 0.00602397 0.0108427 0.160485 0.0209759 0.00532648 0.475746 0.00631647
6 0.000460433 0.0226161 0.0274469 0.0168942 0.0234081 0.000875693 0.00671805 0.000577893 0.898765 0.00223772
9 0.000774038 0.0348181 0.0136706 0.00985355 0.700999 0.00230556 0.00825824 0.0012908 0.226842 0.00118819
5 0.000111087 0.00358527 1.54893e-05 0.00308687 2.56442e-05 1.03148e-05 0.000170012 0.95985 0.000472345 0.0326732
5 0.000213303 0.165664 9.18437e-05 0.000540268 2.04107e-05 5.38233e-05 3.98132e-05 0.820873 0.00829793 0.00420556
3 0.0034852 0.0126285 0.000703806 0.0928788 0.00452051 0.000816476 0.0174321 0.0636097 0.00596633 0.797959
6 0.0414553 0.0478842 0.0154441 0.25082 0.0442557 0.00599517 0.0167083 0.0486167 0.420521 0.108299
4 0.916367 0.0189331 0.002698 0.000402589 0.000542795 0.00249417 0.00263567 0.000199649 0.0544043 0.00132317
3 2.9343e-05 0.00786623 1.6568e-05 0.00193637 9.91848e-06 1.06157e-05 6.94936e-05 0.0237512 0.00110663 0.965204
8 4.97434e-05 0.00431559 0.619329 0.000342997 0.000186265 0.317698 0.0571598 7.90987e-05 0.000802302 3.66827e-05
0 0.00245115 0.492962 0.0461731 0.349178 0.0164027 0.00492146 0.0491461 0.0131002 0.0157942 0.00987099
9 0.000593521 0.0119498 0.041334 0.00913536 0.874772 0.00626156 0.0522185 0.000870916 0.00244711 0.000417427
6 0.000266099 0.0642266 0.000163954 0.000113864 5.36385e-05 0.000196023 0.000140754 0.010013 0.911753 0.013073
1 0.000281963 0.0068331 0.371882 0.000341817 0.00515458 0.551974 0.0585652 0.00010389 0.00477193 9.18431e-05
8 0.000699717 0.0492518 0.86372 0.00136981 0.000653288 0.0395557 0.0211753 0.000539776 0.0225266 0.000507638
7 0.000141898 0.000117987 3.1946e-05 0.997164 0.000171026 1.71488e-06 2.42082e-05 0.000811655 0.000235336 0.00129997
4 0.979469 0.00613323 0.000221536 0.000379828 0.000197399 9.93388e-05 0.000376838 0.00499656 0.00709368 0.00103274
8 0.000617567 0.024208 0.861271 0.00105373 0.000904882 0.0746735 0.0298169 0.000391392 0.00670565 0.000357622
5 0.00573366 0.0437857 0.00634766 0.0241747 0.00599324 0.00414801 0.00673707 0.570176 0.0858515 0.247053
2 0.000374062 0.0170462 0.068007 0.0419605 0.0636551 0.00459793 0.781111 0.00441011 0.00702323 0.0118147
7 0.000666541 0.00213784 0.00203735 0.932502 0.00464011 6.67274e-05 0.00476443 0.000905685 0.0180938 0.0341852
2 0.000113554 0.0160104 0.0145348 0.000205608 0.0012397 0.34459 0.622317 0.000198579 0.000521057 0.000269592
7 0.000176605 0.00140763 0.000177188 0.925336 0.00195603 9.12398e-05 0.00069486 0.0435619 0.000869437 0.0257287
3 0.0202069 0.025606 0.000620113 0.0370719 0.00098581 0.000260131 0.00131532 0.0166861 0.0191373 0.87811
4 0.996873 0.000365473 0.000253682 1.67917e-05 8.25296e-05 0.000303737 0.000657312 4.93732e-05 0.00135589 4.24278e-05
2 0.00618582 0.29729 0.220002 0.0110326 0.0109745 0.0907431 0.326645 0.00596255 0.0229283 0.00823538
8 0.000184101 0.00400735 0.542959 0.000715468 0.00161334 0.263283 0.185482 0.000212255 0.00133862 0.000204436
9 0.00045393 0.00405542 0.0310082 0.0102841 0.858977 0.00589148 0.0871527 0.000631272 0.00125122 0.00029494
4 0.380112 0.151384 0.133658 0.0524712 0.134482 0.00703495 0.0220445 0.0103592 0.0990182 0.00943493
6 0.000533472 0.0142835 0.00470649 0.00267675 0.00385875 0.000113554 0.000691167 0.000148845 0.971363 0.00162485
6 0.016616 0.0241321 0.039623 0.019682 0.0247983 0.00211222 0.00975122 0.00182599 0.856922 0.00453689
0 0.00205818 0.680696 0.0261116 0.189244 0.00868556 0.00467388 0.0458045 0.0237068 0.0118389 0.00718068
9 0.000487467 0.0136275 0.00412965 0.0260159 0.918001 0.000735069 0.0246898 0.00458649 0.00498879 0.00273874
7 0.00151767 0.00189589 0.00364845 0.971969 0.0137785 0.000131196 0.00162542 0.00107203 0.00160175 0.00276029
4 0.911698 0.00385462 0.0138604 0.00250024 0.00791291 0.00491662 0.0469303 0.000560688 0.00579402 0.00197198
6 4.4905e-05 0.156541 0.000764351 0.000140198 5.89774e-06 0.000293095 0.000562028 0.00209834 0.83726 0.00229029
1 0.000350362 0.0208729 0.211889 0.000238968 0.000425739 0.730663 0.0214301 0.000261735 0.0136116 0.000256548
8 0.000331429 0.013151 0.856029 0.00409869 0.0026138 0.0170759 0.0735435 0.00018222 0.0326801 0.000294733
6 0.00268549 0.0391506 0.0201809 0.00834372 0.0323256 0.0220791 0.00704553 0.0155442 0.84794 0.00470448
4 0.671269 0.0854838 0.0108169 0.00914926 0.00604969 0.0103093 0.00498838 0.00722781 0.184351 0.0103549
1 6.37192e-05 0.00194867 0.0239509 9.75785e-06 1.88362e-05 0.963246 0.00806761 2.71702e-05 0.00265154 1.61335e-05
1 0.000653586 0.0914333 0.0191635 0.000356496 0.000626291 0.811372 0.0563364 0.000581387 0.0176822 0.00179518
9 8.54454e-05 0.0032344 0.0107881 0.00515166 0.951956 0.00161356 0.0249631 0.000238985 0.00185403 0.000114732
3 3.58537e-05 0.00611007 2.57925e-05 0.000548249 1.21386e-05 6.76099e-06 0.000135608 0.0469126 0.00047131 0.945742
7 9.24637e-06 0.000118144 2.50332e-05 0.993348 0.000289871 3.45431e-06 0.000165392 0.00325058 0.000137306 0.00265265
3 0.000651194 0.0310723 0.000436454 0.381902 0.00120984 0.000271234 0.0027747 0.101981 0.00740259 0.472299
0 0.000834622 0.649297 0.00104014 0.00102398 0.000223333 0.000414024 0.000322238 0.319027 0.0252994 0.00251805
7 0.00434784 0.0179235 0.0360656 0.373219 0.278299 0.00660143 0.0454069 0.0974997 0.0279999 0.112637
8 0.0112898 0.419118 0.436157 0.00132926 0.000833548 0.0372567 0.0480967 0.000958769 0.0440498 0.000911162
1 0.000863915 0.0690128 0.156899 0.00186529 0.00418861 0.631165 0.109734 0.00183924 0.023263 0.00116953
4 0.742447 0.0126626 0.0369769 0.00769236 0.016432 0.0286456 0.10434 0.00199959 0.0413505 0.00745318
3 0.0103491 0.113446 0.00292389 0.249571 0.00632993 0.00227122 0.00949126 0.25457 0.0400284 0.311019
8 0.151263 0.045339 0.257027 0.0409457 0.200082 0.0553857 0.15809 0.00791314 0.0703028 0.0136507
9 0.000452751 0.00713107 0.00811955 0.023905 0.930807 0.000279503 0.00308368 0.000891142 0.024875 0.000454893
3 0.00998546 0.00275524 0.000249705 0.30185 0.0040913 0.000192802 0.00287763 0.0820749 0.00515775 0.590766
4 0.557957 0.053461 0.135689 0.00854594 0.0241603 0.0338988 0.0199693 0.00569184 0.152671 0.00795505
3 0.00912329 0.010113 0.000137974 0.000410915 0.00015089 0.000197634 0.000207459 0.0124502 0.0578515 0.909357
0 0.0401629 0.301248 0.038048 0.029972 0.00900171 0.032121 0.0962212 0.290812 0.120048 0.0423649
0 0.000352961 0.978655 0.00288175 0.000376193 5.41776e-05 0.000619452 0.00288053 0.00121085 0.0108069 0.00216199
1 0.00388852 0.0501632 0.303606 0.00481664 0.0129696 0.308628 0.286293 0.0028327 0.0246829 0.00211931
1 0.00219097 0.0880146 0.23614 0.00427853 0.00800441 0.454663 0.0654387 0.00311642 0.135541 0.00261209
9 0.000296304 0.00263149 0.0238921 0.011795 0.943399 0.000931576 0.01395 0.000200531 0.00274468 0.000158883
2 0.000921761 0.0274439 0.0438159 0.0777594 0.0164471 0.00335615 0.815721 0.0033708 0.00561946 0.00554437
3 0.00266377 0.10108 0.00990989 0.0886419 0.0040695 0.00241223 0.0218846 0.166135 0.0257034 0.577499
0 0.0207259 0.449543 0.0159301 0.0270762 0.00304344 0.00452234 0.0109538 0.00559219 0.245941 0.216672
