labels 4 9 6 3 5 8 0 1 7 2
5 6.17795e-05 1.13248e-05 4.1737e-05 0.00722722 0.989116 7.79543e-06 0.00328472 1.79603e-05 0.000158395 7.27248e-05
1 0.000513997 0.000374296 0.00148309 0.000186929 0.000206031 0.0185298 0.00666704 0.918732 0.000127505 0.0531795
4 0.966231 8.46979e-05 0.0265312 0.0033607 0.000614796 0.000330972 0.00223543 8.09699e-05 0.000247999 0.000282306
8 0.000233188 5.3372e-05 0.00192139 7.28465e-05 6.18388e-05 0.945461 0.0210401 0.0248431 0.000199489 0.00611365
8 0.000298427 0.000212212 0.000515959 0.000138016 0.000118913 0.71867 0.00228246 0.19199 0.000188775 0.0855849
3 9.73269e-06 2.30036e-06 0.000404338 0.98193 0.0149841 1.55922e-05 0.00208473 6.22869e-06 0.000523971 3.84833e-05
5 1.23696e-05 5.78343e-06 7.34249e-05 0.00403995 0.986135 1.91644e-05 0.00960845 1.29957e-05 4.77109e-05 4.53344e-05
0 2.03767e-05 1.30945e-05 0.00631803 0.00320919 0.000877121 0.000234934 0.989236 4.55312e-05 2.73949e-05 1.88104e-05
3 4.05845e-05 1.2776e-05 0.000269086 0.980108 0.00425387 8.48507e-05 0.00781936 2.15441e-05 0.00722234 0.000167752
1 0.000442297 0.000185427 0.000482387 0.000408392 0.000311561 0.00181101 0.00956913 0.95906 0.00011726 0.0276129
0 0.000988175 0.000743364 0.00728458 0.00293224 0.0557169 0.015222 0.879197 0.0159246 0.00408891 0.017902
1 0.0024662 0.00220883 0.00600091 0.00246879 0.00147712 0.0592342 0.0666824 0.772065 0.00167249 0.0857241
1 7.80694e-05 4.33246e-05 5.77123e-05 1.4446e-05 3.25689e-05 0.345881 0.000906947 0.620404 6.27934e-05 0.0325195
0 0.000302932 0.000433827 0.0741475 0.000927882 0.00465939 0.00913326 0.807618 0.0955275 0.000329271 0.00692073
7 9.96425e-05 0.00106995 0.000259426 0.0308913 0.116781 0.000131861 0.00199814 0.000113998 0.834367 0.0142872
8 0.00143021 0.00311028 0.0196897 0.000650871 0.000674536 0.767595 0.0355847 0.0216753 0.00827273 0.141317
7 0.00405743 0.0713356 0.0360296 0.00638332 0.00616352 0.0552282 0.0190862 0.00673419 0.776356 0.0186261
6 0.000378878 7.68821e-06 0.970292 0.00350419 0.00108153 7.06066e-05 0.0245894 3.74772e-05 1.94491e-05 1.84669e-05
9 0.00030154 0.959736 0.00176919 0.000317579 0.000480149 0.0154229 0.00787666 0.00148101 0.00430981 0.0083051
0 0.000293768 4.09029e-05 0.00142049 0.016261 0.282016 6.72293e-05 0.699653 4.54354e-05 0.000141986 6.05461e-05
8 6.959e-05 5.28157e-05 0.000298521 2.38525e-05 2.25038e-05 0.960254 0.00573532 0.0213227 5.07776e-05 0.0121701
3 0.000568164 3.52175e-06 0.000843382 0.992153 0.00328987 1.0525e-05 0.00303959 1.10692e-05 7.28678e-05 7.69732e-06
9 0.000306182 0.879055 0.0307146 0.000948833 0.00042001 0.0142565 0.00656525 0.00152438 0.0403273 0.0258818
4 0.993807 8.22272e-05 0.00270486 0.000609904 0.000710863 8.78881e-05 0.000699315 7.51843e-05 0.000261494 0.000961384
7 5.26417e-05 0.000349581 0.000165011 0.0100083 0.0171406 0.000185034 0.000145634 2.99202e-05 0.970289 0.00163456
4 0.98088 0.000160461 0.00549227 0.00172258 0.00725218 0.000138327 0.00326652 6.61008e-05 0.000692832 0.000328854
7 8.26997e-06 0.000176478 2.5811e-05 0.0017029 0.000131257 0.000184741 3.62945e-05 3.26453e-05 0.997503 0.00019813
8 0.000753665 4.11678e-05 0.000798239 6.20853e-05 0.000100377 0.867785 0.114199 0.00735384 0.000266519 0.00864027
7 0.000249497 0.0172374 0.000414185 0.00860149 0.0020064 0.000602983 0.00178735 8.79847e-05 0.965129 0.00388347
4 0.991825 1.53865e-05 0.000173699 8.42526e-05 0.000199389 0.000208095 0.00587746 0.000677497 1.82398e-05 0.000921406
7 5.33703e-05 0.00123253 0.000224471 0.00367425 0.00192004 0.000409645 0.000433112 0.000197123 0.991219 0.000636474
9 0.00115805 0.858275 0.00639468 0.00291133 0.000707265 0.0144947 0.00579342 0.000841225 0.100306 0.00911829
2 0.000629841 0.000856452 0.00126342 0.000422921 0.000327014 0.0981379 0.00786118 0.297874 0.000400629 0.592227
7 9.35067e-05 0.00217515 0.000378045 0.000770473 0.000231192 0.00276197 0.000165669 9.41568e-05 0.991061 0.0022692
6 0.000409626 3.27986e-05 0.871788 0.0161707 0.00438873 0.000176716 0.106802 0.00011 7.06219e-05 5.15405e-05
7 0.000197554 0.000382452 0.0010508 0.00790485 0.000145207 0.000810339 0.000730322 2.9962e-05 0.987762 0.000986536
4 0.99657 3.3284e-05 0.000188151 4.28123e-05 7.71412e-05 0.00019434 0.00152182 0.000275776 2.75886e-05 0.00106954
2 7.54229e-05 0.000731399 0.000312918 9.54354e-05 0.00010299 0.0833094 0.00294127 0.342076 0.000184294 0.570171
1 0.00353115 0.00325321 0.00415978 0.00462575 0.00283864 0.0115131 0.0746621 0.576463 0.00173442 0.317219
4 0.856124 0.00137512 0.116832 0.00667156 0.00222024 0.00147909 0.00575198 8.6532e-05 0.00852482 0.00093447
7 0.00248734 0.00115428 0.00249596 0.393288 0.0587338 0.000413051 0.00133111 0.000280311 0.539233 0.000583764
8 1.97281e-05 0.000296335 0.000818631 1.8242e-05 1.90641e-05 0.979605 0.00463394 0.00454205 0.000832051 0.00921488
0 0.00297185 0.000265392 0.00986798 0.172748 0.21372 0.000251577 0.599084 0.000268467 0.000566076 0.000256081
3 0.000632638 0.000304904 0.00308601 0.668096 0.0666994 0.000377949 0.0152692 0.000308148 0.24041 0.00481565
4 0.843904 0.0101396 0.133806 0.00258011 0.000149259 0.0012373 0.00377848 0.000236672 0.00320546 0.000963017
9 0.000784044 0.884854 0.00302848 0.00217007 0.00128272 0.015932 0.0129187 0.00298625 0.00900291 0.0670405
3 0.000422282 2.18568e-05 0.00269967 0.889802 0.0161611 0.000139475 0.0904257 9.9766e-05 0.000168331 5.96316e-05
6 0.000967825 0.0030266 0.868001 0.00392461 0.00156551 0.03167 0.0445993 0.00598018 0.0201087 0.020156
7 0.00109757 0.0142053 0.00633197 0.0191819 0.0052294 0.0579417 0.0182386 0.00239406 0.477885 0.397495
3 3.37332e-05 8.4669e-06 0.000122328 0.971228 0.0247499 3.17037e-05 0.00258821 4.34102e-05 0.000554929 0.000639196
5 3.82876e-06 4.87211e-06 7.01627e-06 0.00185527 0.996224 3.27717e-06 0.00168864 4.88341e-06 0.000172966 3.54455e-05
6 5.13418e-05 3.45965e-05 0.981248 0.000832995 0.000168835 0.00140266 0.0157918 0.00036777 6.77183e-05 3.41284e-05
0 6.31434e-05 2.78549e-06 0.00640965 0.00451366 0.001287 0.000192289 0.987165 7.79545e-06 0.000353646 5.28361e-06
6 0.000726921 4.7719e-06 0.719204 0.00106133 0.00044838 0.00186364 0.276197 0.000345541 8.41276e-05 6.38608e-05
1 0.011715 0.00900135 0.116685 0.016673 0.0119378 0.198534 0.180345 0.420887 0.00787665 0.0263453
1 0.0100045 0.00221682 0.0153527 0.00165845 0.00222248 0.00265395 0.0110718 0.908985 0.000841206 0.0449932
6 1.30526e-05 1.31085e-05 0.973048 0.00237916 0.000734455 0.000372305 0.0229954 0.000290084 4.41496e-05 0.000110795
8 0.000293472 2.8073e-05 0.00223865 1.28304e-05 1.99579e-05 0.964656 0.0195559 0.00963378 8.2339e-05 0.00347851
3 0.0516456 0.00143602 0.0201797 0.88529 0.00665007 0.000832465 0.0035211 0.000598379 0.0284777 0.00136891
3 0.00233243 2.79353e-05 0.00250682 0.974269 0.0144849 2.70535e-05 0.0058741 2.14237e-05 0.000425446 3.04664e-05
5 0.00286947 6.22212e-05 0.00528592 0.0150849 0.641771 0.00014225 0.334389 0.000116613 0.000190176 8.8087e-05
4 0.990608 9.19411e-05 0.00126039 0.00138578 0.00415788 7.01911e-05 0.00180154 3.19191e-05 0.000353972 0.000238272
1 0.000116331 2.49172e-05 0.000455614 4.10599e-05 8.99473e-05 0.0124117 0.00349827 0.964086 2.50708e-05 0.0192513
0 2.21833e-05 1.27358e-05 0.00390145 0.00291641 0.000195544 0.00061509 0.99202 9.34752e-05 0.000125187 9.83992e-05
3 0.00010757 0.000771052 0.000808542 0.923734 0.0188874 0.000878543 0.00216363 9.68548e-05 0.0479707 0.00458136
3 0.00106289 0.00127083 0.00766883 0.797144 0.0665748 0.00536695 0.0676226 0.00123728 0.0425376 0.00951463
1 0.00124164 0.000245318 0.00137785 0.00129849 0.00079951 0.00138252 0.0108117 0.951605 0.000236619 0.031001
9 0.000427112 0.901743 0.000964035 0.000267651 0.00023531 0.018452 0.00126496 0.00669985 0.0040544 0.0658918
7 0.000945279 0.0105108 0.0189504 0.00298423 0.000918881 0.0272717 0.00184623 0.000557814 0.931698 0.00431628
0 0.000645561 6.87613e-05 0.00619834 0.000429222 0.00885768 0.0244268 0.956727 0.00051671 0.00153202 0.000598269
7 0.0356663 0.0167046 0.247679 0.172833 0.00741845 0.0147115 0.0428675 0.00421497 0.445494 0.0124102
9 0.00054733 0.976899 0.00370142 0.00025002 0.000166621 0.00964456 0.00321233 0.000362552 0.00411204 0.00110391
2 4.98724e-05 0.00691511 0.000351465 0.000488065 0.000416495 0.0642881 0.00497595 0.00207535 0.0179539 0.902486
7 5.15599e-06 0.00012615 2.18259e-05 0.000313321 4.88625e-05 0.000265809 2.60885e-05 3.39844e-05 0.998833 0.000325677
8 0.000241486 0.000120817 0.0011306 0.000139294 0.000152403 0.941014 0.0197537 0.0307152 0.000354437 0.00637782
5 3.00285e-05 6.64118e-05 0.000117417 0.0287795 0.959546 7.03317e-05 0.0102322 7.74356e-05 0.000199011 0.000881416
5 0.012108 0.0299778 0.134003 0.23271 0.242004 0.0286169 0.0572696 0.00899552 0.22808 0.0262358
7 0.000201533 0.00108492 0.00333525 0.137611 0.0154862 0.00582749 0.00778657 0.000382944 0.443305 0.384979
8 0.0027561 0.000144279 0.000712287 6.4199e-05 5.40942e-05 0.914676 0.00419394 0.0413696 9.46274e-05 0.0359353
1 0.0232305 0.0456764 0.0398115 0.00920033 0.0101762 0.241874 0.0763261 0.403347 0.0211605 0.129197
1 8.73047e-05 0.000101468 0.000208721 0.000113538 0.00010115 0.00793948 0.00830947 0.95898 6.65417e-05 0.0240923
0 0.000266459 8.52374e-05 0.0152364 0.0020848 0.000128815 0.0148048 0.953784 0.0102995 0.000174082 0.00313643
9 0.000142046 0.839142 0.0206325 0.000779812 0.000192547 0.0179249 0.00571657 0.00441767 0.00689383 0.104158
1 7.21786e-05 9.86204e-05 8.8919e-05 5.03692e-05 8.47684e-05 0.0280698 0.00129398 0.951453 4.75433e-05 0.0187405
8 0.000111046 5.81376e-05 0.00320315 0.000320779 0.000407712 0.864729 0.125098 0.0023292 0.00126403 0.0024791
5 0.000365111 4.93189e-05 0.00364229 0.00169736 0.738121 0.000148133 0.255728 0.000185224 3.67821e-05 2.67466e-05
4 0.977581 0.000161019 0.00261849 0.00052953 0.000167614 0.00273668 0.00629258 0.0028168 0.00028271 0.0068133
6 0.00205252 0.028947 0.888689 0.0018519 0.000838523 0.0396305 0.021184 0.0013057 0.0115271 0.00397322
7 6.32111e-05 0.0038064 0.000238595 0.00190087 0.00026792 0.00101037 0.000152078 0.000116151 0.990952 0.00149269
2 0.201273 0.044289 0.176201 0.0122807 0.00461108 0.108794 0.0477857 0.0252751 0.0312758 0.348214
5 3.27744e-05 1.80868e-05 0.000409516 0.0202295 0.948394 0.000136584 0.030237 4.08639e-05 0.000321193 0.000180165
3 0.00118788 0.00104931 0.00177283 0.907947 0.0555721 0.000280316 0.00472529 0.000475075 0.0134543 0.0135363
1 0.000335826 4.85852e-05 6.62221e-05 0.000137719 9.81902e-05 0.00567309 0.00280052 0.982397 2.4289e-05 0.00841857
0 0.00191213 7.85151e-05 0.0973646 0.000484973 0.000583976 0.0644349 0.825123 0.00904724 0.000232295 0.000738766
6 0.0112178 0.0213792 0.400568 0.0664349 0.197463 0.0277395 0.118608 0.0113824 0.131319 0.0138888
7 0.000748144 0.0173202 0.00214257 0.00237004 0.000959534 0.0127852 0.00099862 0.000342934 0.95765 0.00468237
8 6.62911e-05 2.03488e-05 0.000284531 1.36539e-05 1.6172e-05 0.954409 0.0201128 0.0203337 3.48609e-05 0.00470849
1 0.00038086 0.00239061 0.00272009 0.000186843 0.000212065 0.122844 0.0192716 0.709376 0.00044503 0.142173
9 0.00572615 0.906387 0.00390057 0.000859045 0.00060237 0.0358375 0.00972135 0.00656947 0.00387956 0.0265174
0 4.71407e-05 1.796e-05 0.0116972 0.00245927 0.00869723 0.000465794 0.974024 0.00188557 5.96049e-05 0.000645981
2 0.000350535 0.00619358 0.000452314 0.000474055 0.000212608 0.024994 0.0211528 0.274846 0.000455784 0.670868
2 1.46276e-05 0.00278532 0.000197294 0.000509485 0.00052088 0.00762092 0.00211952 0.00063563 0.0138387 0.971758
7 0.000193497 0.000273335 0.000389241 0.0270297 0.00884081 2.56768e-05 0.000139897 2.34905e-05 0.962965 0.000119369
2 0.00518193 0.0213261 0.05058 0.0340983 0.127505 0.0329968 0.0534309 0.072991 0.0533078 0.548582
1 0.0943147 0.0493741 0.0428464 0.0207401 0.0189873 0.190474 0.0491389 0.37783 0.0178624 0.138433
9 0.000228182 0.904026 0.00510868 0.000184502 9.0257e-05 0.0117952 0.00243208 0.00305121 0.00238975 0.0706945
1 9.08216e-05 6.82762e-05 0.00147025 8.00148e-05 0.000135675 0.0322483 0.0105335 0.940581 6.60888e-05 0.0147262
8 0.000284439 0.00116517 0.000352537 0.000207787 0.000188288 0.742548 0.00175648 0.100715 0.000369818 0.152412
5 0.00023212 3.10917e-05 0.000427089 0.00869504 0.894011 7.09189e-05 0.0961653 4.94211e-05 0.00029005 2.7819e-05
7 9.84533e-06 0.000374552 3.66207e-05 0.000713478 9.90897e-05 0.000394997 4.83071e-05 6.50365e-05 0.99788 0.000378355
5 2.81321e-05 1.13032e-05 0.000234494 0.00103717 0.913352 5.3281e-05 0.0851375 5.61961e-05 6.89206e-05 2.07938e-05
1 0.00128912 0.000418496 0.000851377 0.000653111 0.000551281 0.00706992 0.0279832 0.921074 0.000267259 0.0398422
5 0.000237168 0.000278502 0.000577241 0.0429235 0.693857 0.000198666 0.261232 0.000120329 0.0003866 0.000189313
6 2.35927e-05 1.43975e-05 0.988934 0.00248148 0.000705407 4.49587e-05 0.00774346 2.61805e-05 1.73564e-05 8.97176e-06
5 0.000245122 9.70173e-05 0.00112511 0.0403748 0.627594 0.000137764 0.329959 7.21385e-05 0.000305714 8.98238e-05
5 6.10955e-06 1.53775e-06 3.65334e-05 0.000982313 0.989037 6.1276e-06 0.00989536 1.52008e-05 1.40904e-05 6.09769e-06
6 0.0110332 0.00260393 0.91375 0.00601907 0.00174834 0.0039319 0.0105626 0.000282142 0.0484098 0.00165938
4 0.938492 0.000940391 0.0094314 0.000751575 0.000190784 0.00123879 0.00285163 0.00238599 0.000907486 0.0428098
5 7.65107e-05 4.24364e-05 9.94129e-05 0.0167093 0.979114 2.67546e-05 0.00351437 4.93571e-05 5.51344e-05 0.000312278
8 0.000445777 0.000786743 0.00654166 0.000248374 0.00012233 0.459193 0.00763989 0.443689 0.000515868 0.080817
2 0.000109684 0.000611021 5.25564e-05 3.64509e-05 3.37097e-05 0.401335 0.000538289 0.167798 9.13237e-05 0.429394
1 0.000694676 0.000722042 0.000813301 0.000778521 0.000611507 0.00979791 0.0344134 0.755556 0.000365642 0.196247
1 0.00116559 0.000519074 0.0109178 0.000998882 0.00107182 0.0319559 0.0266569 0.878755 0.000523557 0.0474351
6 2.45502e-05 8.43869e-06 0.600784 0.000689796 0.000754799 0.00314922 0.393679 0.000696643 0.000117612 9.53449e-05
3 4.70859e-05 2.19871e-05 0.000321055 0.939476 0.0348569 3.13098e-05 0.00800262 9.72766e-06 0.017164 6.91306e-05
6 0.000491062 9.57779e-07 0.992115 0.00092373 0.000118082 0.000217474 0.00605199 5.50269e-05 1.24861e-05 1.41671e-05
4 0.938766 0.00027721 0.0239897 0.0264802 0.00221289 0.000562454 0.00495246 0.000330177 0.000652064 0.00177706
0 0.000389647 8.7923e-07 0.00822219 0.000829483 0.000982807 0.000154022 0.989157 0.000187908 2.76358e-05 4.82929e-05
2 2.02899e-05 0.0151108 0.00021722 0.000196907 0.000193458 0.0242953 0.00149084 0.00219584 0.00424889 0.952031
9 0.000932206 0.957619 0.00948192 0.000192609 9.63921e-05 0.0236255 0.00172458 0.000645434 0.00332913 0.00235352
5 2.07668e-05 1.64805e-05 0.000117841 0.00973758 0.987377 9.21579e-06 0.00263195 3.32793e-05 2.88658e-05 2.6584e-05
7 1.48317e-07 4.31677e-07 8.27965e-07 6.27947e-07 3.91438e-07 2.60197e-07 3.25265e-07 9.55637e-08 0.999993 3.41222e-06
8 0.00847317 0.000299714 0.00727853 0.000718196 0.000235032 0.676669 0.250303 0.0128698 0.000610586 0.0425429
2 4.00912e-05 0.000377139 8.42199e-05 0.000959996 0.00230611 0.0325218 0.0034642 0.00117044 0.00784067 0.951235
4 0.993505 4.19965e-05 0.0026427 0.00115786 0.000940193 3.2911e-05 0.000975676 3.20911e-05 0.000349137 0.000322065
1 0.000651677 0.000470181 0.000798082 0.000222288 0.00026987 0.31596 0.00874925 0.631853 0.000583384 0.0404416
6 0.00095439 0.00461604 0.954509 0.00916059 0.000654574 0.0025544 0.0128507 0.000195467 0.0140638 0.000441408
3 4.66441e-05 8.55348e-06 0.00130759 0.984766 0.00546967 3.17065e-05 0.00800928 1.71644e-05 0.000323361 1.99402e-05
9 8.98407e-05 0.787792 0.00567222 0.000683684 0.000554057 0.0125219 0.012866 0.0058033 0.00669699 0.16732
9 0.00511519 0.472169 0.00521522 0.000740619 0.00042469 0.263785 0.0133006 0.0166446 0.009144 0.213461
8 0.000178997 0.000100237 0.000668067 9.38785e-05 0.000105348 0.943358 0.0173128 0.0300903 0.000268167 0.00782388
7 0.000337143 0.000255446 0.000934413 0.0664001 0.0162792 6.80417e-05 0.000255748 2.15842e-05 0.915352 9.60231e-05
6 0.212628 0.0101071 0.682621 0.00924576 0.00242534 0.0126784 0.0344252 0.00185114 0.0226132 0.0114049
1 0.000786094 0.00965164 0.00684744 0.000864844 0.000953044 0.141553 0.0252605 0.424893 0.00303347 0.386157
2 0.12265 0.0534065 0.14126 0.00934547 0.00484926 0.139347 0.0363572 0.0276941 0.0308442 0.434246
9 0.000371224 0.969266 0.00327183 0.00011671 7.42134e-05 0.0180236 0.00131556 0.00118257 0.00178067 0.00459798
6 5.62076e-05 3.54454e-05 0.981437 0.00141374 0.000367334 0.000217397 0.0163114 0.000123761 1.41509e-05 2.38622e-05
2 5.37453e-05 0.0116626 0.000444284 0.000491818 0.00032344 0.0462925 0.00472173 0.0016988 0.0175533 0.916758
2 1.88695e-05 0.0175689 0.000197295 0.00326741 0.00424424 0.00148346 0.00222257 0.000456897 0.018182 0.952358
4 0.672224 0.00200971 0.20693 0.00556757 0.00385779 0.0141685 0.0841051 0.00482956 0.0022367 0.00407063
8 0.000410521 0.0458384 0.00516943 0.000661191 0.00064405 0.812158 0.0210016 0.0103947 0.0164843 0.087238
5 2.65922e-05 6.81352e-06 5.96424e-05 0.00422539 0.980846 1.02704e-05 0.0147517 1.98716e-05 4.27149e-05 1.0466e-05
8 0.000212809 4.20902e-05 0.000253879 3.81358e-05 3.1614e-05 0.914531 0.0125674 0.0687875 4.38026e-05 0.00349165
6 0.000456195 0.0167399 0.925717 0.00106041 0.000470134 0.0264392 0.020394 0.00107829 0.00546356 0.00218174
9 0.000109426 0.987827 0.000883539 0.000165342 0.000186853 0.00367185 0.00448729 0.000282271 0.0014348 0.000951778
1 0.000965113 0.0104484 0.0025256 0.00108267 0.00145489 0.346876 0.0186305 0.526549 0.004424 0.0870436
0 0.000269623 4.0403e-05 0.0662609 0.000698863 0.000886896 0.0236668 0.900736 0.00617884 0.000237034 0.00102448
0 0.000235299 0.00103183 0.155603 0.00239935 0.00364297 0.0192593 0.814262 0.00187516 0.00125856 0.000432359
2 0.00128578 0.0101885 0.0059416 0.00395934 0.00200613 0.134771 0.0371916 0.00527887 0.0392808 0.760097
3 0.0124353 0.00385359 0.00519685 0.906437 0.0272628 0.000714102 0.00816714 0.00128504 0.0129758 0.0216726
9 0.000963075 0.896923 0.018974 0.00214642 0.000996728 0.0121047 0.00974789 0.000368104 0.0556597 0.00211687
9 7.73487e-05 0.982069 0.00563831 0.000192695 0.000186741 0.00453687 0.00246451 0.000555895 0.00233376 0.00194451
8 0.00324813 0.000823164 0.368117 0.000771321 0.000336848 0.597429 0.0107345 0.00602335 0.0039047 0.00861276
0 0.0292959 0.000436453 0.302027 0.00272412 0.00299932 0.0463096 0.59571 0.0161321 0.000918541 0.00344655
9 0.000108014 0.785228 0.00305249 0.000351563 0.000104385 0.0496058 0.00233897 0.00141171 0.0260878 0.131712
0 4.12705e-05 1.96043e-05 0.00489417 0.00784654 0.00779842 0.00011144 0.978875 1.09544e-05 0.000382121 2.02766e-05
1 0.000453888 0.00161149 0.000575914 0.000189602 0.000260849 0.250575 0.00338469 0.696171 0.000797334 0.0459796
1 0.014428 0.000316535 0.00450495 0.00413452 0.00093551 0.00391111 0.0181457 0.929353 0.000322064 0.0239482
5 5.27656e-05 1.51547e-05 8.19424e-05 0.0361158 0.955753 5.68805e-05 0.00709684 8.74506e-05 0.000125005 0.000615071
6 0.0172211 0.005649 0.914132 0.00377472 0.00104075 0.010905 0.0256143 0.000898248 0.0174753 0.00328915
5 9.58702e-05 1.11754e-05 7.00794e-05 0.00250706 0.964725 3.02054e-05 0.0323994 4.97169e-05 9.18069e-05 1.97786e-05
0 0.000452769 0.000140849 0.00378095 0.00170147 0.198765 0.00404848 0.786043 0.000681821 0.00136993 0.00301531
7 0.000148685 1.91392e-05 0.00010893 0.00218885 0.00124891 7.36673e-05 0.000182094 2.2756e-05 0.995962 4.5426e-05
0 4.6352e-05 5.5763e-05 0.00441117 0.000781735 0.000157651 0.11061 0.871639 0.00429566 0.000177021 0.00782538
7 0.000202861 0.035585 0.000758774 0.0143646 0.000849847 0.00476784 0.00196869 9.75446e-05 0.939829 0.00157544
3 0.000189052 0.000100628 0.00204039 0.923638 0.0430379 0.000181396 0.0289283 0.000263506 0.00063096 0.000989659
9 4.54577e-05 0.981945 0.000667839 0.00023419 0.000449567 0.00566715 0.00368067 0.000624299 0.00292958 0.0037562
3 3.86214e-05 8.88151e-06 0.000336889 0.978293 0.0155418 1.67661e-05 0.00220521 1.45984e-05 0.00343527 0.00010886
4 0.981019 9.37535e-05 0.0124526 0.000372797 0.000164439 0.000545812 0.00441522 0.000373697 6.73628e-05 0.000494875
7 1.18062e-05 0.00496072 0.00121324 0.00134733 0.000239519 0.00264525 0.000396578 3.64368e-05 0.988635 0.000514487
8 0.000283126 3.5686e-05 0.00117865 4.31745e-05 4.28963e-05 0.949149 0.0265334 0.0135584 7.85506e-05 0.00909724
2 1.42663e-05 0.00218156 0.000115175 0.000174375 0.000271027 0.0194289 0.00141425 0.00270755 0.00162102 0.972072
4 0.998256 3.95798e-05 0.00056939 6.44757e-05 0.000199542 2.79343e-05 0.000341373 3.66582e-05 9.29068e-05 0.000371978
0 0.000339008 9.12297e-06 0.00256681 0.00212477 0.00113768 0.000857342 0.992132 0.00030275 0.000224033 0.000305996
6 3.86721e-05 2.79691e-05 0.921094 0.00406565 0.00174552 0.00068426 0.0717971 0.000281565 0.00017405 9.09145e-05
6 0.00147659 0.0569921 0.765875 0.00291885 0.00171438 0.0751114 0.0519835 0.00672332 0.0155137 0.0216908
4 0.988907 0.000116825 0.00258514 0.000532126 0.00246221 0.000258935 0.00438972 0.000111206 0.000243788 0.000393481
5 6.81722e-06 3.5965e-06 2.19102e-05 0.00345141 0.990449 3.89176e-06 0.00602475 9.6765e-06 1.86441e-05 9.96888e-06
0 0.000400061 3.11414e-05 0.033095 0.00699067 0.0248587 0.000534869 0.932046 0.0013685 0.000165171 0.000510063
6 0.00443497 0.00744347 0.917346 0.0364974 0.00145053 0.00264703 0.0182877 0.000310537 0.0107836 0.000798334
6 0.021808 0.00636994 0.676406 0.01465 0.00624491 0.0042207 0.029333 0.00078159 0.238052 0.0021337
4 0.852552 0.000685519 0.0083541 0.00136042 0.000616031 0.0143681 0.0125777 0.0220339 0.000718637 0.0867336
2 2.40264e-05 0.00741455 8.3365e-05 9.149e-05 0.000166591 0.013648 0.000448729 0.00248022 0.00142777 0.974215
4 0.727417 0.00145028 0.0712279 0.0917454 0.0390177 0.00209519 0.0611627 0.00170152 0.00217431 0.00200793
3 0.0179271 9.77442e-05 0.0218455 0.94226 0.00291815 0.00034655 0.0135377 0.000325956 0.000339616 0.000401308
2 1.34038e-05 0.0025711 0.000142372 0.000493056 0.000596627 0.00718773 0.00256275 0.000853112 0.00946286 0.976117
2 0.000914588 0.00282914 0.00341514 0.0062036 0.00306033 0.0384767 0.0325412 0.00372646 0.0575864 0.851246
2 0.351251 0.016239 0.0494374 0.00719198 0.00220805 0.0661656 0.0286405 0.0227553 0.0146233 0.441487
5 0.000102439 6.10641e-05 0.000145721 0.0203576 0.97643 3.60932e-05 0.00251912 2.47304e-05 0.000163517 0.000160184
1 0.00120314 0.00932234 0.00279233 0.00136959 0.00189702 0.420762 0.0301514 0.437291 0.00537065 0.0898406
3 0.000655927 1.62089e-05 0.00284224 0.984523 0.00719777 4.18431e-05 0.00408543 6.58386e-05 0.000482788 8.87587e-05
4 0.96782 0.000132356 0.0176437 0.00116244 0.00108556 0.000397873 0.0109309 0.000365934 0.000128246 0.000332746
2 0.00045582 0.00210213 0.00111538 0.00209851 0.00161717 0.0429688 0.00920071 0.00156725 0.0299914 0.908883
5 4.43654e-05 8.19268e-06 5.09751e-05 0.0205106 0.96777 7.95759e-05 0.0110239 6.74296e-05 0.000108402 0.000336765
4 0.995112 5.83887e-05 0.00128936 0.000476656 0.000753957 0.000102509 0.00145394 4.26975e-05 0.000251182 0.000459477
1 7.55306e-05 0.000178574 0.00011949 6.82331e-05 7.53048e-05 0.365699 0.000781326 0.541281 9.87339e-05 0.0916223
6 0.00124569 0.000971235 0.673485 0.00261351 0.00330858 0.0414563 0.199254 0.0634439 0.00155712 0.0126652
6 0.202172 0.020335 0.617957 0.0193328 0.00720471 0.0179679 0.0530157 0.00324953 0.0422026 0.0165624
4 0.957043 0.00018807 0.00424108 0.000611288 0.000291915 0.00509302 0.00869651 0.00485464 0.0004322 0.0185479
6 0.224414 0.0215416 0.259959 0.00898415 0.00660047 0.194744 0.0978217 0.039265 0.0150036 0.131667
7 0.000619555 0.0725355 0.00441221 0.00595417 0.00232979 0.0198763 0.00417301 0.000767563 0.857122 0.0322095
6 1.47805e-05 1.00708e-05 0.990742 0.00206025 0.0004965 9.7739e-05 0.00642317 0.000118214 1.48055e-05 2.29633e-05
0 0.242578 0.013141 0.0199084 0.022741 0.0319056 0.148682 0.49644 0.0076873 0.0117732 0.00514305
3 0.0215286 0.000139888 0.0223094 0.923589 0.00656942 0.000187832 0.0217074 0.000104865 0.0037202 0.000143325
1 0.000807334 0.000366384 0.00411599 0.000616547 0.000818866 0.023027 0.0180928 0.882089 0.000366562 0.0696993
8 4.55421e-05 0.000183087 0.0020934 0.000230575 0.000365422 0.934963 0.0519186 0.00253944 0.00417853 0.00348293
0 4.74407e-05 5.03725e-06 0.00557813 0.00202111 0.00740325 0.000117125 0.984632 5.93566e-05 0.000121658 1.45894e-05
1 0.000698259 0.000299909 0.00238659 0.000926227 0.00107647 0.325014 0.00529839 0.628253 0.00128847 0.0347582
6 0.00283543 0.0363362 0.823872 0.00838201 0.0023223 0.0408413 0.0414077 0.00335865 0.0305781 0.0100661
9 0.000137594 0.721038 0.00283939 0.000324206 0.000178218 0.0814265 0.00204768 0.00243245 0.0304395 0.159137
9 6.70599e-05 0.89924 0.00304272 0.000670792 0.000631547 0.00428885 0.00219068 0.000413506 0.0845469 0.00490778
6 0.00186394 0.386834 0.48455 0.00225776 0.00151756 0.0835546 0.0150381 0.002765 0.0141892 0.00742978
5 0.000145059 3.91825e-05 0.000519171 0.00882184 0.89176 9.59448e-05 0.0980791 9.53514e-05 0.000393301 5.13967e-05
7 0.000312609 0.000447232 0.00196717 0.0198674 0.00412399 5.10738e-05 0.000194562 5.46696e-06 0.972951 7.91903e-05
2 0.000230027 0.00050733 0.000299194 0.00205859 0.00297711 0.0107653 0.0330996 0.421895 0.00030644 0.527861
0 0.006533 0.0102934 0.0443004 0.271695 0.174863 0.0428792 0.312353 0.00579213 0.102752 0.0285376
0 4.99649e-05 1.00034e-05 0.0253757 0.000575642 0.000180495 0.0250335 0.946166 0.00136441 0.000163833 0.00108014
7 0.00344217 0.00746828 0.00286283 0.164947 0.00879083 0.000415513 0.0015057 0.000456892 0.800294 0.00981657
6 0.00270533 0.151138 0.625978 0.00758444 0.00303555 0.0358902 0.0385897 0.00385793 0.123186 0.00803505
8 0.00788827 0.00426023 0.0895717 0.00554241 0.00412934 0.442024 0.101486 0.31084 0.0048823 0.0293766
9 0.000246124 0.974184 0.0018689 0.000167332 0.000105406 0.00883562 0.000879989 0.00130712 0.00178447 0.0106211
0 0.0289369 0.000380707 0.0220702 0.149995 0.0143068 0.00207146 0.758552 0.0158352 0.00107825 0.00677306
2 3.93732e-05 0.0531522 0.000124764 0.00257759 0.0120143 0.0041787 0.00126588 0.000555233 0.0424522 0.88364
8 0.000777307 0.00105187 0.00898636 0.000255019 0.000138513 0.93262 0.0126272 0.00871474 0.00214233 0.0326871
5 9.35339e-05 4.73962e-05 0.000121573 0.0176016 0.978742 3.86293e-05 0.0030598 2.88205e-05 0.000107843 0.000158597
4 0.978886 0.000158527 0.00277148 0.00335073 0.0116827 5.08661e-05 0.00227443 5.59091e-05 0.000410559 0.000358406
2 0.00185356 0.00592373 0.0171398 0.00163912 0.00296974 0.0133088 0.06425 0.358161 0.00336423 0.53139
4 0.992642 0.000166344 0.00178496 0.00108608 0.00156511 7.35777e-05 0.000991708 0.000138429 0.00025288 0.00129937
1 0.000756225 0.00023356 0.000217846 0.000298465 0.000223834 0.0182405 0.00993875 0.935682 0.000119706 0.0342888
9 0.000790542 0.973675 0.00466303 0.000531077 0.000405197 0.00627989 0.00337492 0.000537867 0.00747992 0.00226286
3 6.24343e-05 5.95182e-06 0.000663258 0.965184 0.0223615 3.49887e-05 0.00937094 4.13333e-05 0.00214152 0.000133865
6 4.67696e-05 3.84625e-05 0.895503 0.00699105 0.00267652 0.00114831 0.0925481 0.000450815 0.000436915 0.000160575
7 0.000303181 0.000721021 0.00043389 0.0403678 0.0199995 0.000181595 0.000809538 0.000139558 0.936796 0.000248326
2 9.1516e-06 0.001833 0.00011596 0.0004788 0.000662272 0.0039708 0.00161081 0.000406094 0.0111927 0.97972
2 0.000472255 0.0824473 0.0028043 0.000503706 0.000331273 0.295182 0.0074203 0.00893552 0.00681254 0.595091
3 0.000473263 0.000607191 0.00543295 0.743315 0.17605 0.000314522 0.0345895 0.000285748 0.0377658 0.00116599
5 5.29853e-05 5.06414e-06 7.3291e-05 0.0112629 0.976897 1.10395e-05 0.0114623 2.13883e-05 0.000178689 3.54226e-05
5 5.76864e-05 2.3549e-05 7.20579e-05 0.0149081 0.965869 4.23129e-05 0.0182566 9.3275e-05 0.000385359 0.000292337
8 0.000809151 0.000198119 0.00476804 0.000421969 0.00041028 0.912076 0.0301595 0.0469916 0.000407333 0.00375817
7 0.00022281 0.00175777 0.000740136 0.0260387 0.0964956 0.000366101 0.00565054 0.000304949 0.844733 0.0236908
2 4.26707e-05 0.00018439 0.000101327 0.000618269 0.00102361 0.0126449 0.00304798 0.00161549 0.00336463 0.977357
7 5.065e-05 0.000104114 0.000291515 0.00126196 0.000177372 0.000346095 8.41108e-05 7.52614e-05 0.997423 0.000185897
3 0.000179213 5.52875e-05 0.00132162 0.97442 0.0202266 8.22994e-05 0.00150594 2.82611e-05 0.00184992 0.000330842
7 0.00839195 0.0910192 0.013765 0.267969 0.178708 0.0122367 0.0225422 0.0107564 0.276753 0.117858
5 8.40662e-06 1.79062e-05 0.000619345 0.0108623 0.954424 0.000103141 0.032162 9.74914e-05 0.00104496 0.000660915
5 0.000164516 1.00356e-05 0.000922539 0.00233493 0.872996 4.86005e-05 0.12337 4.80802e-05 9.53476e-05 9.25045e-06
8 3.51212e-05 0.00308508 0.00139969 8.25131e-05 6.06818e-05 0.823069 0.00480652 0.00850699 0.00319629 0.155758
1 9.61015e-05 0.000112302 3.90141e-05 1.99947e-05 2.75412e-05 0.0829875 0.000445999 0.909098 8.60269e-06 0.00716469
9 0.00182981 0.478892 0.460938 0.00793273 0.00145722 0.00445995 0.0377986 0.00107044 0.00435287 0.00126847
1 0.00232122 0.000445976 0.00692222 0.000555585 0.000495141 0.200856 0.0277063 0.703121 0.000513213 0.0570635
8 6.40986e-05 0.00040793 0.000625284 7.19377e-05 8.95941e-05 0.837738 0.00420626 0.114111 0.000882711 0.0418032
3 6.71547e-05 1.29907e-05 0.000304611 0.951036 0.037598 5.52307e-05 0.00996993 0.000131939 0.000157033 0.000667026
3 0.0266736 0.000175245 0.0211476 0.927879 0.00408031 0.000340692 0.018631 0.000379661 0.000352879 0.000340279
2 0.000330902 0.110418 0.000902184 0.000319697 0.000253628 0.0747438 0.00194171 0.00924792 0.00230609 0.799536
0 7.32501e-05 8.29181e-05 0.0212296 0.0039438 0.000635756 0.000521687 0.97303 0.000126758 0.000296238 6.01993e-05
2 0.000191193 0.00481288 0.000370724 0.000287822 0.000303469 0.23773 0.00216293 0.0207135 0.00218203 0.731245
0 0.00724102 0.0016927 0.0202906 0.0186281 0.21528 0.0173899 0.666168 0.0140736 0.0113439 0.0278922
3 0.000843077 0.00047309 0.00411892 0.896542 0.0273552 0.000396093 0.0149926 0.000321086 0.0524188 0.00253903
7 0.000667425 0.000474091 0.00110635 0.0218902 0.00934105 3.63549e-05 0.00018524 2.79369e-05 0.966092 0.000178951
3 0.00160586 0.00106197 0.00525629 0.85122 0.00570202 0.000778965 0.0147967 0.000180044 0.118149 0.00124883
2 0.0315781 0.0585464 0.0497594 0.00541448 0.00228687 0.202986 0.0196146 0.0356012 0.0084495 0.585763
5 0.000202552 1.21563e-05 0.000116237 0.0227746 0.963267 1.5271e-05 0.0133452 1.92162e-05 0.000225446 2.21357e-05
5 8.08588e-07 2.25697e-06 1.15328e-05 0.000742713 0.988418 8.92005e-06 0.0107676 1.17023e-05 6.32935e-06 3.02509e-05
9 0.000103873 0.808945 0.00131451 0.000606207 0.000251183 0.0344684 0.00146962 0.000562096 0.0480152 0.104264
7 0.000786662 0.0153355 0.0133962 0.00273416 0.000612855 0.0237929 0.0035495 0.00107497 0.906647 0.0320704
5 0.000112245 1.5693e-05 0.000117664 0.0752947 0.9202 5.4701e-05 0.00302741 3.86846e-05 0.000721572 0.000417166
5 0.000141225 0.000236976 0.00328451 0.030453 0.93791 0.000220501 0.0239477 0.000231892 0.00249384 0.0010803
7 0.000974045 0.0246256 0.0107049 0.0112564 0.00224097 0.0668599 0.012368 0.00145019 0.671191 0.198329
0 3.03571e-05 2.34532e-06 0.00268962 0.000581576 0.00284571 0.000226588 0.99356 1.86186e-05 3.88944e-05 6.33567e-06
6 0.000203095 1.22435e-06 0.974519 0.00141299 0.000249093 0.000203049 0.0230604 0.000313749 1.34866e-05 2.3703e-05
4 0.983885 0.000174867 0.00639134 0.000903631 0.0048593 0.000165813 0.00249292 0.000121417 0.000511344 0.000494477
0 8.29563e-05 8.96586e-05 0.303291 0.00248752 0.00145716 0.00992644 0.681959 9.33791e-05 0.000563486 5.01239e-05
6 0.00270904 0.138313 0.664699 0.00503122 0.00184222 0.0556566 0.0222548 0.0021773 0.0985287 0.00878805
5 0.00334894 0.000102919 0.00621856 0.00783999 0.680217 0.00051315 0.30116 0.000320319 0.000176494 0.000101848
6 0.000178036 1.75759e-05 0.963252 0.00917814 0.00173697 6.79249e-05 0.0254273 7.34408e-05 3.78572e-05 3.05983e-05
5 0.000112016 4.2945e-05 0.00025914 0.0448595 0.930514 0.000291868 0.0221298 0.000165137 0.000535943 0.00109015
4 0.97921 9.03696e-05 0.0128708 0.00367242 0.00066822 9.17804e-05 0.00275369 8.95243e-05 0.000276207 0.000277105
2 1.66161e-05 0.00176282 9.53412e-05 0.000415583 0.000574036 0.0208886 0.00241431 0.00124576 0.00759291 0.964994
9 6.63956e-05 0.986522 0.000893519 0.000184011 0.000266212 0.00357208 0.00164698 0.000316045 0.00361048 0.00292193
2 0.00421239 0.0119658 0.00710969 0.00772794 0.00607498 0.22256 0.120637 0.0972476 0.0148635 0.507601
3 0.000126364 1.41227e-05 0.000482688 0.971999 0.0190071 3.70975e-05 0.00636163 2.79996e-05 0.00182227 0.000121951
0 0.00338989 7.73788e-05 0.00804438 0.0616336 0.0148983 0.000853311 0.901573 0.00810741 0.000227835 0.00119524
1 9.01323e-05 0.000228009 8.24808e-05 3.31456e-05 3.73593e-05 0.364818 0.000783406 0.575558 6.16691e-05 0.0583074
2 3.91612e-05 0.00732469 0.000121482 9.90274e-05 0.000164573 0.0259066 0.000767116 0.00537118 0.00126087 0.958945
7 8.42679e-05 0.000460086 0.000240966 0.0238992 0.00612259 6.00428e-05 0.000281096 2.99121e-05 0.968705 0.000116625
7 6.89859e-05 1.43747e-05 0.000128688 0.0307888 0.001038 6.4467e-05 0.00106535 7.36117e-06 0.96673 9.43526e-05
6 0.0782415 0.00237035 0.889684 0.00300271 0.000817826 0.00278536 0.0160317 0.000322426 0.00542603 0.001318
4 0.99859 1.17656e-05 0.000793838 4.43933e-05 6.87992e-06 2.05937e-05 0.0001517 5.7966e-05 1.00444e-05 0.000313206
3 3.61754e-05 2.58351e-05 0.00180076 0.970372 0.0145542 0.000255866 0.00828408 7.20452e-05 0.00412546 0.000473299
1 0.000441308 4.51712e-05 0.00067461 6.6457e-05 7.52104e-05 0.0408355 0.00456581 0.929782 3.59762e-05 0.0234778
6 0.178175 0.011775 0.650651 0.0233818 0.0025634 0.0130362 0.0276501 0.00280755 0.0693085 0.0206516
9 2.3247e-05 0.981025 0.00177857 0.000136705 0.000201102 0.00179403 0.00202385 0.000489231 0.00411152 0.00841649
8 0.0271149 0.0154362 0.110229 0.0104359 0.0080879 0.288567 0.187693 0.288307 0.00861574 0.0555135
6 5.97353e-05 0.00216072 0.979631 0.0012145 0.000108893 0.00214996 0.00820197 0.000133872 0.00614571 0.000193198
9 0.000895156 0.791687 0.152145 0.00211583 0.000852348 0.00828555 0.0352353 0.00157989 0.00513843 0.00206629
5 0.000194896 2.76522e-05 0.000132577 0.0491132 0.94019 3.01682e-05 0.00465784 2.37333e-05 0.00549577 0.000133912
5 0.000108212 1.09e-05 0.000626273 0.0018952 0.948839 6.30328e-05 0.0482842 3.72724e-05 0.000120647 1.50225e-05
3 0.00203578 0.00269624 0.00273945 0.897367 0.0361032 0.000586033 0.00759961 0.000791652 0.03244 0.0176406
6 0.021636 0.0234471 0.551889 0.169318 0.0286928 0.0044229 0.02315 0.00155364 0.17067 0.00521973
4 0.969373 0.000185734 0.00878668 0.000685401 0.000128562 0.00149274 0.0149028 0.00112147 0.000215642 0.00310769
3 1.51415e-05 4.24872e-06 0.000437376 0.981534 0.0111266 1.25026e-05 0.00483955 6.64066e-06 0.00200564 1.82994e-05
8 6.65159e-05 0.000135705 0.000459698 5.58377e-05 9.90521e-05 0.672542 0.00273615 0.291269 0.000580886 0.0320554
7 8.71227e-05 0.00144927 0.0011446 0.0020422 0.00189283 0.0113672 0.171353 0.000457093 0.805914 0.00429282
9 0.000418203 0.91267 0.00201912 0.000348042 0.000410879 0.0278403 0.00671068 0.00356197 0.00499569 0.0410255
6 0.000231976 5.2058e-05 0.944637 0.0136977 0.0041513 0.000158944 0.0366753 0.000201853 0.000106564 8.76165e-05
1 0.000387336 0.00151591 0.000612189 3.41975e-05 4.4759e-05 0.134604 0.00332512 0.806087 0.000147822 0.0532415
8 0.000218764 8.33026e-05 0.00170439 0.000221709 0.000229586 0.944051 0.0369155 0.0113681 0.000416281 0.00479098
7 5.00339e-05 5.19116e-06 1.98664e-05 0.00155809 0.000626055 1.13174e-05 2.19577e-05 4.64736e-06 0.997695 7.53983e-06
4 0.976025 0.000122116 0.00224037 0.00120562 0.0106139 0.000243159 0.00878957 0.000125302 0.000290636 0.000344696
8 0.000306156 0.000172896 0.000688722 0.000132441 0.000149458 0.930365 0.0148725 0.0407656 0.000379512 0.0121678
5 0.000496096 0.000450901 0.0151664 0.135147 0.807973 0.000578716 0.0347432 0.000373354 0.00440321 0.000668292
2 9.25932e-05 0.0135329 0.00350918 0.0101261 0.00213347 0.0668479 0.00965301 0.00201975 0.0642097 0.827875
7 0.000195766 0.00160083 0.00516786 0.0176521 0.000244805 0.000421634 0.000555067 2.47194e-05 0.973402 0.000735233
1 5.73722e-05 0.00104678 4.34882e-05 8.3656e-05 7.98525e-05 0.00537423 0.00497428 0.495842 9.37142e-05 0.492405
7 0.000280348 0.0015378 0.000714458 0.0697542 0.0302793 0.000285798 0.000877037 0.000238381 0.895346 0.00068696
3 0.0110081 0.000510086 0.00590281 0.939724 0.0118999 0.000384889 0.0178746 0.000143818 0.0120649 0.000486846
4 0.997687 6.4245e-05 0.000191491 1.89707e-05 3.99234e-05 0.000213268 0.000776739 0.000259261 2.46521e-05 0.000724523
2 0.00798039 0.0170221 0.017823 0.0110453 0.0079607 0.256462 0.274155 0.104435 0.0165916 0.286525
8 6.06905e-05 0.00122319 0.000589684 8.0796e-05 7.42296e-05 0.481612 0.00270964 0.283923 0.000696982 0.22903
9 0.000351208 0.891269 0.00149551 0.000356822 0.00031794 0.018167 0.00197725 0.00405171 0.0064114 0.0756017
4 0.4199 0.0631189 0.0670955 0.00846405 0.0114451 0.183063 0.190273 0.00507372 0.0410145 0.0105527
6 0.000284856 0.00165802 0.977515 0.00303653 8.51404e-05 0.00183415 0.0132953 7.09792e-05 0.00215582 6.41776e-05
6 0.00164908 0.00190134 0.98394 0.00127825 6.05304e-05 0.00532296 0.00316152 0.000111044 0.00215179 0.000423183
7 8.22054e-05 0.000588275 0.000890704 0.00197573 0.00790896 0.00620446 0.402306 0.000492242 0.574398 0.00515405
9 0.000467315 0.943073 0.00350567 0.0055709 0.00381341 0.00279801 0.00886223 0.000683976 0.0175137 0.0137117
7 0.000352833 0.00110082 0.000592874 0.00158986 0.00046696 0.00177084 0.000543394 0.000155963 0.992958 0.000468077
4 0.614869 0.00991076 0.0122461 0.00144907 0.000656065 0.0408784 0.00460318 0.00630746 0.00253682 0.306543
6 2.64645e-05 8.84713e-06 0.940684 0.0034175 0.00088756 0.000442456 0.054205 0.000232095 4.79248e-05 4.77925e-05
1 0.000215168 0.000140061 0.00279935 0.000146273 0.000109452 0.271215 0.0156362 0.693602 9.78426e-05 0.0160382
8 0.000133211 0.00102078 0.00906334 0.000155312 8.35213e-05 0.944062 0.0140406 0.00577369 0.00244502 0.0232229
6 0.00374037 0.0217484 0.723022 0.0108925 0.022695 0.0402476 0.0982664 0.061463 0.0105136 0.00741119
4 0.844024 0.000610727 0.067329 0.00222964 0.00466504 0.00236526 0.0745245 0.00205222 0.00106482 0.00113486
1 0.00014987 7.0124e-06 0.000124499 1.19403e-05 2.16256e-05 0.0111509 0.00117855 0.972468 5.28016e-06 0.0148825
1 0.00074119 0.000507811 0.00419908 0.0011641 0.000469243 0.0132545 0.0297715 0.916396 0.000342593 0.0331542
9 5.46042e-05 0.982589 0.00127482 8.51088e-05 8.91334e-05 0.00428248 0.00094277 0.000731684 0.00145239 0.0084984
3 7.453e-06 8.43171e-07 0.000199469 0.972191 0.0225346 1.38276e-05 0.00454391 6.26145e-06 0.00046409 3.86144e-05
7 5.49806e-06 1.07477e-05 8.04934e-06 0.00320571 0.00132651 1.1507e-05 1.35929e-05 9.26612e-06 0.995366 4.31331e-05
3 0.00027995 0.00042216 0.00224254 0.52744 0.0486954 0.000246676 0.0117821 0.000155088 0.407634 0.00110221
5 0.00057534 0.000121705 0.00418398 0.00345652 0.662602 0.000895844 0.327272 0.000288435 0.000493029 0.000111156
3 0.0045759 0.076204 0.0223107 0.555404 0.0999325 0.0241026 0.020921 0.00636292 0.156233 0.0339537
0 0.00487173 7.26761e-05 0.00375798 0.000347346 0.000560083 0.311327 0.65867 0.00605803 0.000348402 0.0139868
1 0.000999699 0.00325109 0.0107214 0.00161604 0.00194036 0.210148 0.0987656 0.618829 0.00226205 0.051467
2 0.426049 0.00676481 0.0394308 0.00317287 0.00107646 0.0346139 0.0112511 0.0173064 0.0076493 0.452686
3 0.00720206 0.00344818 0.0212012 0.453814 0.187849 0.00222685 0.0885191 0.00186867 0.226372 0.00749854
2 0.0849517 0.165742 0.0817657 0.0119365 0.00713187 0.237755 0.0443373 0.0326116 0.0408008 0.292967
9 0.000373451 0.955283 0.0205555 0.00102401 0.000379168 0.00401671 0.00311297 0.000176277 0.0145222 0.000557042
3 0.0049133 0.00257947 0.00436901 0.788766 0.056835 0.00021745 0.00201923 0.000227578 0.136572 0.00350007
4 0.673298 0.0129469 0.104061 0.00652505 0.00472385 0.089848 0.0545372 0.0250376 0.00561906 0.0234034
3 0.0108428 8.58315e-05 0.0209667 0.950486 0.00565159 0.000143056 0.0113512 0.000163658 0.000221609 8.76977e-05
5 0.0178901 0.00380408 0.0268172 0.0259496 0.4126 0.0175985 0.397664 0.0200698 0.0134463 0.0641607
0 0.000204517 1.31336e-05 0.00155698 0.00175921 0.00272432 0.00175465 0.990877 0.000449415 0.000207402 0.000453
