labels 1 0 2 5 3 4
0 0.421118 0.438248 0.0877686 0.0191382 0.0240076 0.00971894
5 0.1085 0.0397897 0.105135 0.355355 0.237244 0.153975
0 0.424546 0.449007 0.0769279 0.0177891 0.0216946 0.0100349
1 0.445962 0.414629 0.07721 0.0217634 0.0290212 0.0114139
0 0.401393 0.469893 0.078565 0.0175894 0.0198945 0.0126654
1 0.458921 0.374794 0.0871788 0.0322817 0.0364265 0.0103982
0 0.395247 0.462289 0.0882978 0.0174603 0.0259487 0.0107577
0 0.429421 0.462895 0.065094 0.0141864 0.0208161 0.00758704
5 0.123669 0.0352344 0.110599 0.35052 0.238816 0.141161
0 0.414587 0.460736 0.0741423 0.0163537 0.0245249 0.00965643
1 0.499121 0.130043 0.134054 0.104448 0.0977073 0.0346266
5 0.102307 0.0345162 0.106319 0.350771 0.240069 0.166018
5 0.120214 0.0361449 0.110528 0.351587 0.234688 0.146838
1 0.439212 0.430985 0.0619019 0.0231515 0.0301919 0.0145574
5 0.187631 0.076959 0.115306 0.337466 0.166259 0.116379
5 0.192786 0.0338476 0.0778976 0.287906 0.17931 0.228252
0 0.433166 0.444704 0.0656844 0.0171555 0.027579 0.0117113
1 0.448102 0.413984 0.0660229 0.0258153 0.0327008 0.0133752
1 0.434656 0.363223 0.0744873 0.0452741 0.0598862 0.0224741
1 0.439561 0.409922 0.0693394 0.0298811 0.0326377 0.0186588
0 0.410609 0.451258 0.0745865 0.0202418 0.0265771 0.0167281
1 0.442887 0.428782 0.0702272 0.0209627 0.026086 0.0110556
5 0.097919 0.0345612 0.10277 0.350925 0.234689 0.179136
1 0.574919 0.0757863 0.0962434 0.0941158 0.102237 0.0566992
1 0.440785 0.426436 0.071096 0.0200674 0.0309405 0.0106744
0 0.393795 0.451216 0.100153 0.0208592 0.0229347 0.0110421
0 0.403811 0.460133 0.0870408 0.0166385 0.0229243 0.00945284
1 0.408177 0.393377 0.10874 0.0280359 0.0448601 0.0168095
1 0.444421 0.396866 0.0776896 0.0295686 0.0399772 0.0114785
0 0.421676 0.451492 0.0694461 0.0175361 0.0252052 0.0146445
1 0.397388 0.22847 0.0980182 0.100093 0.107555 0.068476
1 0.438515 0.378735 0.0717301 0.0376085 0.0462968 0.027115
1 0.462046 0.373236 0.0716165 0.0389322 0.0365219 0.0176479
5 0.107488 0.0352614 0.10654 0.351088 0.231116 0.168507
0 0.376503 0.413701 0.127194 0.0271421 0.0368391 0.0186204
1 0.466881 0.455115 0.0400335 0.0133825 0.0146371 0.00995062
0 0.41768 0.420707 0.0825592 0.0282452 0.0317295 0.0190788
1 0.522267 0.145235 0.101903 0.0787204 0.104564 0.0473106
1 0.435337 0.427356 0.0626462 0.0247286 0.0327461 0.017186
0 0.246198 0.282051 0.0769596 0.266595 0.0983184 0.0298775
1 0.366131 0.17934 0.103626 0.140291 0.117197 0.0934157
1 0.441099 0.424284 0.0687502 0.0220281 0.0308525 0.0129868
0 0.392781 0.470167 0.0868042 0.0168281 0.023858 0.00956109
1 0.436117 0.0787747 0.0864439 0.143349 0.12772 0.127595
1 0.444425 0.408438 0.0774314 0.0252896 0.0331323 0.0112837
0 0.372871 0.484537 0.0900043 0.0169577 0.023652 0.0119787
5 0.159857 0.0320481 0.0904208 0.318303 0.192325 0.207046
0 0.371774 0.500975 0.0756009 0.0145275 0.0238054 0.0133168
1 0.551728 0.0784136 0.0781009 0.0749446 0.116624 0.100189
0 0.428217 0.445298 0.0738171 0.0180925 0.0232293 0.0113464
5 0.246817 0.0423753 0.0840108 0.361117 0.212669 0.053011
0 0.404105 0.462525 0.0850689 0.0163838 0.0227341 0.00918325
1 0.447619 0.411143 0.0730347 0.0261467 0.0294655 0.012591
5 0.251437 0.0425769 0.0832439 0.358654 0.212496 0.0515913
0 0.4083 0.445256 0.0818971 0.0206329 0.0284463 0.015468
1 0.444192 0.431601 0.0741461 0.0192023 0.0218852 0.00897351
1 0.442136 0.411064 0.0873736 0.0221554 0.0289764 0.00829475
0 0.425875 0.447487 0.0825656 0.0174337 0.0194141 0.00722443
1 0.445825 0.395543 0.0849393 0.0282355 0.0347006 0.0107564
1 0.438136 0.416908 0.0706646 0.0272718 0.0324364 0.0145824
0 0.430552 0.437438 0.0808812 0.018509 0.0247148 0.00790441
5 0.115229 0.0414256 0.107015 0.35355 0.231477 0.151303
1 0.439275 0.398506 0.0704053 0.0346765 0.0362981 0.0208392
0 0.426364 0.442594 0.0661252 0.0205859 0.028114 0.0162172
1 0.436773 0.397635 0.075562 0.0296988 0.0466899 0.0136407
0 0.402542 0.441929 0.087917 0.021165 0.0329858 0.0134619
5 0.129312 0.0362296 0.107181 0.352098 0.234499 0.140681
1 0.454083 0.0626845 0.0879545 0.154168 0.114113 0.126997
1 0.452292 0.416088 0.0781162 0.0206354 0.02472 0.00814858
5 0.123901 0.0415512 0.117282 0.34879 0.227209 0.141267
1 0.445046 0.411252 0.0708131 0.02703 0.031748 0.0141106
5 0.197658 0.0685736 0.124672 0.35847 0.16854 0.0820861
1 0.445852 0.402049 0.077414 0.0276455 0.0333896 0.0136496
1 0.4349 0.418678 0.0719278 0.0247582 0.0345983 0.0151382
1 0.399906 0.287191 0.0859755 0.0661901 0.0893189 0.0714194
1 0.435997 0.417007 0.0746447 0.0247265 0.0343835 0.0132411
0 0.376596 0.481567 0.0856797 0.0171038 0.0262454 0.0128077
1 0.432958 0.414153 0.0756287 0.025983 0.0381026 0.013174
1 0.425303 0.3856 0.0688383 0.0366103 0.0514157 0.0322333
1 0.276247 0.0397823 0.0820222 0.249384 0.161917 0.190647
1 0.45958 0.416157 0.0711661 0.0208292 0.0218782 0.0103888
1 0.439859 0.439092 0.0651196 0.0178721 0.0282399 0.00981717
0 0.380533 0.469272 0.0895554 0.0188388 0.0285511 0.0132496
1 0.438168 0.420501 0.0680303 0.0265224 0.0325411 0.0142376
1 0.553279 0.0818133 0.0788078 0.0728722 0.11474 0.0984875
1 0.294412 0.0473804 0.0636659 0.178805 0.154517 0.26122
