labels 4 9 6 3 5 8 0 1 7 2
5 8.55505e-05 3.17705e-05 0.000265125 0.0136558 0.981189 5.13133e-06 0.00390303 9.698e-06 0.000620814 0.000234
1 0.000931083 0.00132256 0.00912321 0.000508815 0.000512518 0.0414628 0.012168 0.912817 0.000417155 0.0207368
4 0.850646 0.000110128 0.124715 0.0148171 0.000795668 0.000812717 0.00637243 9.44774e-05 0.000890366 0.000745807
8 0.000368654 0.000331811 0.0119479 0.000289078 0.000155514 0.871822 0.0283667 0.0691814 0.000655067 0.0168823
8 0.000212071 0.000389301 0.00347207 0.000185796 0.000126168 0.767135 0.0044604 0.162503 0.000396549 0.0611201
3 7.60897e-05 4.4346e-05 0.00293679 0.940252 0.0481668 0.000124197 0.00533873 1.17797e-05 0.00239352 0.000655564
5 2.04879e-05 1.19835e-05 0.000700715 0.00452031 0.982875 2.62299e-05 0.0113545 8.91719e-06 0.000311753 0.000170103
0 0.000332428 0.000368109 0.16493 0.0292282 0.0157113 0.000980473 0.784764 0.000995285 0.000742038 0.0019476
3 0.000163576 0.000116832 0.00490509 0.932657 0.0228605 0.000145594 0.0308894 4.90321e-05 0.00692609 0.00128727
1 0.000571067 0.000319613 0.00732632 0.00249132 0.000922589 0.00406174 0.0370205 0.887794 0.000240945 0.0592519
0 0.00236657 0.00172571 0.087895 0.0043702 0.0863152 0.0434589 0.670716 0.0400692 0.00897959 0.0541034
1 0.00403815 0.00497763 0.0307518 0.00886874 0.00339789 0.111563 0.102035 0.571962 0.0039612 0.158444
1 7.53135e-05 0.000219236 0.00153083 3.2164e-05 4.68096e-05 0.448061 0.00451302 0.501199 0.000154827 0.044168
0 0.00056928 0.000644631 0.0464343 0.00164748 0.00806573 0.00863085 0.839365 0.0816924 0.000658813 0.0122911
5 0.000184502 0.00338813 0.00107832 0.0846779 0.478708 0.000387853 0.00809206 0.000257941 0.385187 0.0380379
8 0.00257714 0.0128501 0.0323234 0.00179111 0.000455139 0.525415 0.034737 0.0496263 0.0251679 0.315057
7 0.00376657 0.174486 0.0369412 0.00482495 0.00416781 0.0452391 0.022125 0.00360734 0.67162 0.0332226
6 0.000874643 2.83291e-05 0.801404 0.00993365 0.0082493 0.000350714 0.178689 0.00019097 6.75596e-05 0.000211552
9 0.000588039 0.94244 0.00424807 0.00061578 0.00117545 0.0106662 0.0111696 0.00257286 0.0109164 0.0156072
5 0.000832474 0.000190301 0.00911623 0.0297875 0.613311 0.000231851 0.345059 0.00016291 0.000971116 0.000337536
8 0.00023597 0.000341551 0.00478768 0.000167706 0.000122328 0.875395 0.00913949 0.0665998 0.000398285 0.0428117
3 0.00177997 1.47094e-05 0.00847638 0.956474 0.0107823 0.00011203 0.0217417 2.12807e-05 0.000474708 0.000122504
9 0.000619935 0.814976 0.026282 0.00297386 0.0010785 0.0260422 0.0118044 0.00403767 0.0642186 0.0479663
4 0.991023 0.000159118 0.00373952 0.0015014 0.00070197 0.000139916 0.00101253 5.18125e-05 0.000671688 0.000999003
7 0.000406014 0.00168576 0.00036718 0.00652622 0.00897568 0.000694281 0.00082728 1.2759e-05 0.974234 0.0062712
4 0.969693 0.000383005 0.012167 0.00353888 0.00486909 0.000307169 0.0061198 0.000147417 0.00195107 0.000823709
7 0.000194883 0.00849176 0.00112927 0.00524239 0.00177664 0.000678909 0.00120955 2.34319e-05 0.978819 0.00243429
8 0.00135042 0.00049069 0.0153056 0.000362268 0.000311135 0.812311 0.10206 0.0347664 0.00128914 0.0317524
7 0.00171161 0.0535351 0.00433521 0.0318964 0.00905426 0.00264827 0.0135039 0.00055506 0.86526 0.0175007
4 0.965316 0.000140017 0.0136814 0.000672355 0.000355758 0.000951325 0.0156124 0.00174056 0.000191872 0.00133823
7 0.000430135 0.0125028 0.00250616 0.00512721 0.00729847 0.000816012 0.00376817 8.52799e-05 0.963358 0.00410753
9 0.00741998 0.435569 0.0341097 0.0299613 0.0041269 0.087644 0.0321306 0.00605648 0.287858 0.0751246
1 0.00138281 0.00293521 0.027251 0.00105952 0.000857479 0.256283 0.018926 0.470881 0.00167909 0.218745
7 0.000532898 0.0451455 0.000813694 0.00224439 0.000613649 0.00452627 0.00100807 7.80707e-05 0.933866 0.0111714
6 0.000872158 4.80769e-05 0.806584 0.0253346 0.00775379 0.000844967 0.157954 0.000217095 0.000139173 0.000252313
7 0.00315161 0.00454289 0.0324796 0.0376947 0.00340684 0.00968656 0.02888 0.000409275 0.856077 0.0236718
4 0.983002 0.00023695 0.00832961 0.000483422 0.000235319 0.00079072 0.00421186 0.00101168 0.000226543 0.00147187
1 0.000261184 0.0024445 0.0111169 0.000378793 0.000401872 0.216132 0.00955662 0.387407 0.00127667 0.371025
1 0.00168876 0.00176262 0.0097321 0.00661061 0.0024227 0.0122943 0.0577742 0.648577 0.00106017 0.258077
4 0.884169 0.00135875 0.0784608 0.00672504 0.00296879 0.0014206 0.00602254 8.51682e-05 0.0163704 0.00241879
7 0.0117394 0.00309145 0.00339915 0.206733 0.0499019 0.00104919 0.0026395 0.00036883 0.718966 0.00211095
8 0.00022572 0.0020907 0.00974165 0.000249703 0.000195965 0.859799 0.0203246 0.0300817 0.00313404 0.0741567
5 0.00276531 0.000778046 0.0282413 0.31374 0.472819 0.000555919 0.178547 0.000657393 0.0011767 0.000719875
3 0.0022876 0.00151462 0.0143308 0.571707 0.129031 0.000723803 0.0291307 0.000384146 0.238733 0.0121574
4 0.571741 0.0182748 0.350461 0.020899 0.000463138 0.00533673 0.0198162 0.000736541 0.00872053 0.00355152
9 0.00108917 0.888215 0.00457498 0.00252102 0.00221175 0.00824742 0.0117826 0.00421172 0.0178693 0.0592767
3 0.000923451 0.000111438 0.0266533 0.735881 0.0603799 0.000307987 0.173542 0.000278608 0.00105589 0.000867017
6 0.00342396 0.00781734 0.561772 0.0190293 0.00253076 0.192384 0.0803064 0.0146285 0.0460101 0.0720973
2 0.00219432 0.00746613 0.0209944 0.0387053 0.00825424 0.133494 0.0797128 0.0054359 0.256839 0.446904
3 6.93449e-05 4.12853e-05 0.00112062 0.916124 0.0741445 2.27635e-05 0.00638124 3.76104e-05 0.00106848 0.000990626
5 8.54199e-06 1.87232e-05 0.000101366 0.00524095 0.990869 4.99282e-06 0.00295907 4.46326e-06 0.000587649 0.000205502
6 7.73819e-05 1.68113e-05 0.816813 0.00300712 0.000984864 0.00402489 0.172583 0.00122914 8.43928e-05 0.00117917
0 0.000761109 9.07546e-05 0.146341 0.0245885 0.00905296 0.00116237 0.815341 0.000174848 0.00169615 0.000790855
6 0.000980932 2.57958e-05 0.559924 0.00189627 0.00172255 0.00682479 0.426807 0.0010317 7.70559e-05 0.000709359
6 0.00619936 0.00685253 0.518445 0.00979147 0.0108567 0.0657608 0.108283 0.251667 0.00439918 0.0177445
1 0.0274105 0.0127838 0.0551394 0.0151391 0.00607379 0.00635318 0.0221929 0.789769 0.00352822 0.0616097
6 9.04272e-05 2.87811e-05 0.682818 0.00629065 0.00591172 0.00177819 0.299025 0.00108948 0.000182448 0.00278524
8 0.000431998 0.000317767 0.012936 0.000151818 9.50387e-05 0.908262 0.0261781 0.036547 0.000459212 0.0146209
3 0.119221 0.00272111 0.0378884 0.745165 0.00870644 0.00270634 0.00839313 0.00120304 0.0691467 0.00484867
3 0.00899771 9.11614e-05 0.0170181 0.909849 0.045801 0.000116519 0.0156978 6.62565e-05 0.00214003 0.000222426
0 0.0127439 0.000273303 0.0683827 0.0475225 0.330598 0.000588851 0.537866 0.000384957 0.0011567 0.000482232
4 0.983162 0.00016261 0.00544661 0.00286123 0.00315737 0.000133195 0.0034648 5.65837e-05 0.000970505 0.000584943
1 0.000348663 0.000267688 0.00936972 0.000307304 0.000334344 0.0300834 0.0131737 0.926282 0.000189128 0.0196436
0 0.000880381 0.00140313 0.132468 0.0386692 0.00580784 0.00373225 0.805926 0.00209266 0.00270636 0.00631376
3 0.00125617 0.00475536 0.00556745 0.751089 0.0291146 0.00351308 0.00842792 0.000748263 0.157177 0.0383516
3 0.00240881 0.00590042 0.0332242 0.4462 0.192457 0.0112477 0.109198 0.00238701 0.148846 0.0481303
1 0.00149138 0.000183233 0.0129939 0.00666125 0.00231051 0.0018722 0.0494907 0.894987 0.000172241 0.0298372
9 0.000416271 0.894723 0.00105066 0.000220775 0.000325812 0.0189223 0.00243583 0.00652516 0.0124974 0.0628828
7 0.00211004 0.12705 0.0151108 0.00475664 0.00136609 0.0258352 0.00550126 0.000507104 0.798553 0.0192103
0 0.0028126 0.000196105 0.04369 0.000627599 0.00342939 0.0432046 0.898192 0.00121957 0.00269859 0.00392946
7 0.0821607 0.0170595 0.236968 0.188377 0.0102424 0.0217207 0.0704826 0.00496573 0.335366 0.032657
9 0.00119894 0.944989 0.0102435 0.000536107 0.000724915 0.0120726 0.00956995 0.00110946 0.0148675 0.00468788
2 0.000449174 0.0427523 0.00315999 0.00335277 0.00193008 0.0683466 0.0135586 0.00598568 0.044209 0.816256
7 0.000176521 0.00753981 0.000588358 0.00154324 0.00077991 0.00109665 0.00076648 2.44691e-05 0.983314 0.00417104
8 0.00063919 0.000743957 0.0119011 0.000481838 0.000405166 0.854177 0.0351484 0.0764925 0.00117418 0.0188367
5 4.11789e-05 0.000303297 0.000674063 0.104154 0.878842 4.23348e-05 0.0121807 5.98632e-05 0.00117926 0.00252371
6 0.0140204 0.0460588 0.321233 0.147956 0.0719197 0.0447074 0.042193 0.00676822 0.277101 0.028042
2 0.000755428 0.00997703 0.00599605 0.131373 0.0807409 0.00558681 0.0172911 0.00137503 0.314477 0.432428
8 0.00126549 0.000451847 0.0061533 0.000183179 0.000134215 0.895964 0.00569862 0.0587808 0.00048165 0.0308872
1 0.0347961 0.0802497 0.0916637 0.0132481 0.00853113 0.23733 0.0817986 0.242443 0.0424699 0.16747
1 0.000199242 0.000343612 0.00435532 0.000669902 0.000362345 0.017181 0.0263876 0.866812 0.00024094 0.0834476
0 0.00176877 0.000836113 0.176651 0.00784943 0.00141238 0.071829 0.668361 0.0331792 0.0014857 0.0366276
9 0.0002847 0.816033 0.0179309 0.00232857 0.000526752 0.0254698 0.0068643 0.0106206 0.0189794 0.100962
1 0.000136487 0.000552421 0.00204512 8.14012e-05 0.000134807 0.0658954 0.00371935 0.910631 0.000130803 0.0166735
8 0.000284397 0.000260751 0.032663 0.000536818 0.000318555 0.800349 0.131517 0.0111016 0.00177278 0.0211968
5 0.00026547 1.20431e-05 0.0161217 0.00289705 0.620576 8.55456e-05 0.359724 0.000107947 0.00010363 0.000106303
4 0.863012 0.00107652 0.0643655 0.00287111 0.000527032 0.0179375 0.023888 0.0182904 0.00077726 0.00725506
6 0.0196559 0.276229 0.305346 0.0149111 0.0073672 0.155402 0.0628051 0.0136405 0.0939175 0.0507252
7 0.000964151 0.0517445 0.00134945 0.00381283 0.00144653 0.00201782 0.00131447 6.20332e-05 0.930015 0.00727298
4 0.226467 0.0926745 0.122287 0.0294166 0.00692104 0.173253 0.0499962 0.0563463 0.0667857 0.175853
5 8.04783e-05 6.268e-05 0.00317542 0.0178342 0.945607 0.000131705 0.0311444 4.61218e-05 0.00123118 0.000686687
3 0.00176814 0.00300041 0.00560493 0.813271 0.108471 0.000383438 0.00545111 0.000401496 0.0488429 0.0128058
1 0.000307065 2.40645e-05 0.000441584 6.70879e-05 0.000117594 0.021389 0.00994145 0.959687 1.33956e-05 0.00801142
6 0.00927348 0.00228772 0.418335 0.00500828 0.00516486 0.132676 0.376591 0.0367662 0.00431436 0.00958375
6 0.00258392 0.00855315 0.582918 0.0183639 0.231182 0.00602294 0.0590615 0.00181924 0.0848707 0.00462515
7 0.00228158 0.160256 0.0018636 0.00260931 0.00099362 0.010897 0.00264963 0.000187035 0.803505 0.014757
8 0.000168846 0.000237283 0.00666124 0.000122818 9.87265e-05 0.861314 0.0286487 0.0772603 0.000308659 0.0251792
1 0.00119166 0.00706986 0.0264065 0.00104253 0.0010282 0.245305 0.0331885 0.563423 0.0023408 0.119003
9 0.00486016 0.909013 0.00693645 0.000776201 0.000940419 0.0259542 0.0101052 0.00796406 0.0131211 0.0203289
0 0.000408247 6.13538e-05 0.142497 0.00513567 0.0286246 0.00237411 0.806961 0.00676784 0.000520683 0.00664976
2 0.00056495 0.0233013 0.00652377 0.00229446 0.00067482 0.0423328 0.0269707 0.269824 0.00311271 0.624401
2 0.000175813 0.0227729 0.00215406 0.00396316 0.00292865 0.0176053 0.00832179 0.00243476 0.0433186 0.896325
7 0.00290043 0.00303789 0.00283937 0.0397798 0.033008 0.000233646 0.00231895 8.59871e-05 0.91431 0.00148582
2 0.0049418 0.0403749 0.229858 0.0213468 0.154493 0.047793 0.0616056 0.0616115 0.112836 0.265138
1 0.185356 0.022848 0.123199 0.0170312 0.0108379 0.202365 0.0431124 0.250605 0.0178957 0.12675
9 0.000361146 0.886752 0.00548031 0.000719432 0.000237105 0.0212645 0.00324773 0.006649 0.0114952 0.0637939
1 0.000356182 0.000491052 0.0153175 0.00048874 0.0005032 0.0493239 0.0272228 0.878776 0.000386238 0.0271348
8 6.93068e-05 0.00101713 0.000982395 3.52545e-05 1.89527e-05 0.638943 0.00281983 0.143864 0.000492138 0.211757
5 0.00056569 2.66314e-05 0.00639713 0.0151745 0.779413 6.14491e-05 0.197124 4.26434e-05 0.00100809 0.000187214
7 0.000231294 0.012876 0.000810059 0.00259014 0.00118611 0.000972954 0.00104347 3.37197e-05 0.976689 0.00356689
5 0.000104288 1.84483e-05 0.00365719 0.00243966 0.84104 5.64716e-05 0.151992 5.22986e-05 0.000456766 0.000182962
1 0.00114934 0.000500207 0.00745859 0.0019484 0.000906832 0.0148385 0.0673518 0.839411 0.000356359 0.0660792
5 0.000109898 7.6521e-05 0.00257568 0.0525256 0.860211 6.10259e-05 0.0827956 3.01459e-05 0.00113653 0.000478431
6 0.000291362 4.16942e-05 0.852983 0.0108472 0.00896028 0.00024329 0.126079 0.000208142 8.36362e-05 0.000261512
5 0.000359126 7.48716e-05 0.00887408 0.0520243 0.776074 0.000107185 0.160263 5.05208e-05 0.00190421 0.000269106
5 8.96207e-06 5.11051e-06 0.000589991 0.00236267 0.978679 3.52639e-06 0.0182209 8.18326e-06 8.76026e-05 3.41335e-05
7 0.261931 0.0405506 0.198318 0.0220706 0.0104075 0.0252012 0.038444 0.00462677 0.373748 0.0247029
4 0.958199 0.0016756 0.0152827 0.00336298 0.000184862 0.00348984 0.00211535 0.00535957 0.000746011 0.009584
5 4.06253e-05 5.46298e-06 0.000248369 0.0325286 0.960595 1.34831e-05 0.0055986 1.43443e-05 0.000380335 0.000574953
8 0.00195222 0.00309315 0.0599343 0.00216703 0.00116757 0.505518 0.0182812 0.33155 0.00254259 0.0737937
2 0.000640925 0.00234261 0.00118793 0.000594969 0.000492261 0.386287 0.00207851 0.208869 0.0013436 0.396163
1 0.000710666 0.00108547 0.00548943 0.00229357 0.00116819 0.0163646 0.0442907 0.699728 0.000699242 0.22817
1 0.004385 0.00323373 0.0567277 0.00605516 0.00477834 0.047891 0.0767944 0.764665 0.00230771 0.0331618
0 0.000123743 3.89282e-05 0.476945 0.00130658 0.00235364 0.00796356 0.507484 0.00159202 0.000168764 0.00202366
3 8.55981e-05 6.27704e-05 0.00408915 0.838534 0.124429 5.76134e-05 0.0230821 2.94805e-05 0.00899754 0.000633108
6 0.000353182 1.98685e-06 0.896258 0.0034996 0.000534029 0.00122776 0.0978203 0.000210635 1.05927e-05 8.39017e-05
4 0.802207 0.000524383 0.111208 0.0602701 0.00507918 0.00139681 0.0124207 0.000594115 0.00277572 0.0035239
0 0.00540261 3.45895e-05 0.201846 0.00519981 0.00269202 0.0017416 0.780017 0.001451 0.000336667 0.00127887
2 0.000290032 0.0656819 0.00204261 0.00181838 0.00114166 0.0357383 0.00567807 0.00718245 0.0176524 0.862774
9 0.00146169 0.93623 0.00861013 0.000350237 0.000331864 0.0262107 0.00465724 0.00151562 0.0145323 0.00609982
5 1.16853e-05 7.79147e-06 0.00128071 0.0260993 0.967866 2.13174e-05 0.00443949 2.56058e-05 0.000189687 5.87864e-05
7 0.000985841 0.00415434 0.0108646 0.00225895 0.00247737 0.00322507 0.00515958 4.05964e-05 0.968972 0.00186123
8 0.00770062 0.0013058 0.0419066 0.00166224 0.00071008 0.714307 0.113869 0.0465075 0.00268637 0.0693448
2 0.000155571 0.00495767 0.000634954 0.00219895 0.00261062 0.037064 0.00935429 0.0020233 0.0243163 0.916684
4 0.989582 8.03109e-05 0.0041746 0.00260083 0.000815652 6.83162e-05 0.00143977 3.10409e-05 0.000697499 0.000510349
1 0.000818179 0.00167466 0.00681886 0.000287071 0.000381354 0.412483 0.0231815 0.526473 0.000866471 0.0270155
6 0.0107993 0.0603003 0.703007 0.0284043 0.00496452 0.0148199 0.0627507 0.00235756 0.0990228 0.0135737
3 0.000270765 4.83089e-05 0.0135398 0.931672 0.0283729 0.00010659 0.0236602 4.9903e-05 0.00192865 0.00035118
9 0.000139733 0.71674 0.0114731 0.00207276 0.00129783 0.0162804 0.0110079 0.0101485 0.0173643 0.213476
9 0.00586347 0.637989 0.00747969 0.00149256 0.00103021 0.156367 0.0134099 0.0300582 0.0286634 0.117646
8 0.000414504 0.000555897 0.00931997 0.000341004 0.000279433 0.850396 0.0326565 0.0804868 0.000942704 0.0246071
7 0.00342878 0.00173657 0.0015565 0.0521911 0.0197526 0.00056257 0.0016532 6.18657e-05 0.918049 0.00100819
4 0.701309 0.0259583 0.107461 0.0117725 0.00429061 0.0147518 0.0247229 0.00273273 0.0825359 0.0244649
2 0.000863496 0.0104348 0.0325138 0.0011754 0.00112131 0.306909 0.0295066 0.258858 0.00689873 0.351719
8 0.166744 0.110157 0.0993717 0.020921 0.00643353 0.228266 0.0383665 0.05992 0.0635269 0.206293
9 0.000753143 0.931789 0.00497886 0.000360259 0.000260016 0.0306293 0.00425151 0.0034977 0.0122652 0.0112151
6 0.000192088 9.48182e-06 0.760784 0.00587875 0.00189855 0.00136281 0.228663 0.000555001 4.18912e-05 0.00061419
2 0.000467067 0.0578187 0.00374963 0.00411328 0.00191794 0.0571211 0.0134345 0.00551743 0.043161 0.812699
2 9.37829e-05 0.0820132 0.0018795 0.012077 0.0130468 0.003739 0.00481546 0.00145761 0.0486119 0.832266
4 0.45817 0.00229858 0.396901 0.00723967 0.00243101 0.0305684 0.0892898 0.00554002 0.00342394 0.00413788
8 0.00128331 0.150053 0.0134113 0.0021389 0.00175976 0.516712 0.027641 0.0252681 0.0289487 0.232783
5 4.62233e-05 2.30397e-05 0.0009308 0.00837903 0.963484 6.80443e-06 0.0268725 1.28363e-05 0.000181147 6.36234e-05
8 0.000294017 0.000286672 0.0059908 0.00013434 0.000123075 0.771493 0.0295453 0.177835 0.000318945 0.0139792
6 0.00346957 0.200648 0.455326 0.00773333 0.00303823 0.171513 0.0564961 0.0124561 0.0409268 0.0483936
9 0.000223289 0.979845 0.00224471 0.00040296 0.00064266 0.00226126 0.00713433 0.000776582 0.00379085 0.00267789
8 0.00161969 0.0175581 0.0130543 0.00140618 0.0017758 0.514455 0.0308359 0.335213 0.00423313 0.0798489
0 0.00289571 0.000944775 0.43681 0.00354414 0.00455521 0.0647603 0.443679 0.0294235 0.00235033 0.0110363
0 0.000459712 0.000748563 0.31395 0.00451817 0.0101452 0.0334225 0.625262 0.00520638 0.00109311 0.00519452
2 0.00187377 0.038089 0.0162793 0.0126174 0.00351024 0.141643 0.0546909 0.0107371 0.08267 0.637889
3 0.0120564 0.00791614 0.0108035 0.855334 0.0359829 0.00094336 0.00570355 0.000739716 0.057102 0.0134188
9 0.0026858 0.840542 0.029331 0.00311158 0.00353688 0.0132232 0.0229629 0.00115508 0.0737688 0.00968313
9 0.000249731 0.941699 0.0162301 0.000798607 0.000840644 0.00834592 0.0073801 0.0018094 0.0127722 0.00987438
8 0.00336104 0.00336085 0.242752 0.00168133 0.000389351 0.688335 0.0230737 0.00727542 0.00614922 0.0236226
6 0.0488297 0.000980835 0.653852 0.00392748 0.00271101 0.0726791 0.194556 0.0151766 0.00190431 0.00538296
9 0.000561074 0.40163 0.0124817 0.00450204 0.000460907 0.167361 0.00784509 0.00639735 0.0672389 0.331522
0 0.00159887 0.00132786 0.103423 0.062705 0.104597 0.00178808 0.717426 0.00111281 0.00369078 0.00233082
1 0.000722723 0.00589187 0.00633339 0.000321816 0.000397992 0.404556 0.00990948 0.524849 0.0012233 0.0457949
1 0.0226371 0.000199652 0.0437919 0.0116723 0.00250714 0.00418851 0.0785488 0.826763 0.000199926 0.00949176
5 7.31623e-05 1.42224e-05 0.00054882 0.0617043 0.926631 2.4067e-05 0.00934628 3.02468e-05 0.000593728 0.00103417
6 0.265159 0.0554607 0.298064 0.0218717 0.0079928 0.0542037 0.0674589 0.00830594 0.183274 0.0382087
5 0.000228897 6.53653e-05 0.00131433 0.00509043 0.90511 3.89672e-05 0.087584 4.42429e-05 0.000349818 0.000174317
0 0.00187734 0.000268648 0.0332851 0.00337303 0.106548 0.00881859 0.834103 0.00161467 0.00510113 0.005011
7 0.0023137 0.00257491 0.00364802 0.00424547 0.00560717 0.000777088 0.00436182 3.41999e-05 0.975279 0.00115819
0 0.00162452 0.002333 0.0561994 0.00465631 0.00199046 0.328811 0.503476 0.0427319 0.00370322 0.0544748
7 0.00172593 0.15572 0.00600617 0.0439446 0.00745555 0.0158952 0.0199859 0.000757959 0.734884 0.0136241
3 0.000348339 0.000220793 0.0106125 0.83372 0.109008 0.000129258 0.041504 0.000304124 0.00207224 0.00208051
9 0.00010354 0.958098 0.00222512 0.000511085 0.00126024 0.00479693 0.00778845 0.0012827 0.00962395 0.0143097
3 0.000177548 4.76536e-05 0.00282897 0.936195 0.0482161 4.32494e-05 0.00585547 1.78207e-05 0.00602409 0.000594265
4 0.809121 0.000535592 0.159155 0.00331552 0.000249471 0.00403527 0.020844 0.00108255 0.000535156 0.00112635
7 0.000118599 0.0837933 0.0154412 0.00883927 0.00202374 0.00813284 0.00475374 0.000159312 0.866292 0.0104459
8 0.000328327 0.000247709 0.00881774 0.000202408 0.000109645 0.899234 0.0256601 0.043069 0.000463339 0.0218682
2 0.000205562 0.0201254 0.00107981 0.00120454 0.00113742 0.0313273 0.00500099 0.00730719 0.00931498 0.923297
4 0.995289 5.36566e-05 0.0025592 0.000366863 0.000307076 5.23609e-05 0.000670634 4.04734e-05 0.00019236 0.000468721
0 0.00261523 0.000124231 0.0883279 0.00837152 0.00211177 0.00893661 0.879508 0.00221283 0.00204224 0.00574995
6 0.000115241 4.15078e-05 0.628905 0.00738785 0.00758915 0.00305314 0.348869 0.000960555 0.000273606 0.00280482
6 0.00205265 0.194204 0.370947 0.00736044 0.00230861 0.205569 0.0474388 0.0293973 0.0342432 0.10648
4 0.968572 0.000406718 0.0147478 0.00190671 0.0028446 0.000607567 0.00868543 0.000252413 0.000962596 0.00101436
5 9.14599e-06 6.51005e-06 0.00021334 0.00494361 0.987856 1.45296e-06 0.00686411 4.27216e-06 6.41137e-05 3.73855e-05
0 0.00448962 7.39615e-05 0.366562 0.00865157 0.0353373 0.00373171 0.575279 0.00310051 0.000673401 0.00210045
6 0.0178017 0.0291711 0.764324 0.0493375 0.00771081 0.00736809 0.0580591 0.00177748 0.0555234 0.00892712
7 0.177298 0.0271355 0.225337 0.0337753 0.0139334 0.0168604 0.059225 0.00428258 0.423551 0.0186019
4 0.871674 0.000696783 0.0294084 0.00296982 0.000529031 0.0257587 0.00753256 0.0428115 0.00122197 0.0173971
2 0.000220479 0.0403191 0.000693478 0.000725314 0.000677864 0.0256827 0.00232061 0.0059984 0.0102245 0.913137
4 0.426636 0.00462004 0.229508 0.13288 0.0925955 0.00571964 0.0897924 0.00486143 0.00741731 0.00596865
3 0.0281284 0.000381962 0.0952296 0.831669 0.00773801 0.000923114 0.0318047 0.000590945 0.00192382 0.0016101
2 0.000158198 0.0232775 0.00202041 0.00329435 0.00329296 0.0158492 0.00894489 0.00299039 0.030997 0.909175
2 0.00279773 0.00888177 0.0140996 0.0258808 0.012676 0.0728374 0.0950807 0.00836853 0.121477 0.637901
4 0.358147 0.0524593 0.0837193 0.0296883 0.00615848 0.128402 0.0442235 0.069148 0.0367623 0.191292
5 4.28411e-05 8.30706e-06 0.000402367 0.035387 0.959532 1.61411e-05 0.00368991 8.72306e-06 0.000572691 0.000339835
8 0.00172485 0.0165698 0.0149073 0.0014431 0.00192061 0.55455 0.0442501 0.281954 0.00483199 0.0778491
3 0.00185237 6.15036e-05 0.0195222 0.944593 0.0185259 0.000253314 0.0118616 7.24299e-05 0.00268792 0.000569601
4 0.78936 0.000365636 0.178592 0.00375224 0.000963821 0.00129698 0.024086 0.000430566 0.000518133 0.000634811
2 0.00123247 0.0111529 0.00556497 0.0108598 0.00594861 0.074206 0.0316109 0.00379708 0.0781313 0.777496
5 8.99027e-05 1.91158e-05 0.000699066 0.0299233 0.944847 5.87508e-05 0.0227739 3.0072e-05 0.000663623 0.000894894
4 0.983154 0.000226003 0.0073177 0.00242157 0.00123568 0.000315975 0.00332737 0.000105578 0.000792969 0.00110275
8 7.0212e-05 0.000433328 0.000840837 6.47871e-05 6.51791e-05 0.460946 0.0023917 0.418231 0.000191604 0.116766
0 0.00313174 0.0025777 0.284456 0.00629706 0.00939149 0.0520275 0.455396 0.147801 0.00298477 0.0359371
4 0.619386 0.0358346 0.10374 0.0153731 0.0084204 0.0163754 0.0298967 0.0032256 0.139811 0.027937
4 0.885348 0.00104477 0.039623 0.00189047 0.000692254 0.0201351 0.0199391 0.0221322 0.000893907 0.00830078
8 0.266329 0.0353359 0.135061 0.0105755 0.00485173 0.281754 0.0555812 0.0582366 0.0246106 0.127665
7 0.00067524 0.231104 0.00353378 0.00606141 0.00255858 0.00824469 0.0059697 0.000519014 0.684156 0.0571776
6 9.96057e-05 1.80134e-05 0.850828 0.00732382 0.00532071 0.000369793 0.134685 0.000556594 6.55079e-05 0.000732706
0 0.27215 0.0254762 0.0831621 0.0169817 0.0240493 0.0972011 0.425889 0.00894122 0.0274642 0.0186853
3 0.0659351 0.00102397 0.0824362 0.762828 0.0205591 0.00133533 0.052554 0.000725659 0.011148 0.0014546
1 0.00257606 0.00197248 0.029544 0.0031538 0.00297806 0.0427008 0.0485397 0.827298 0.00142442 0.0398124
8 0.000201212 0.000833854 0.0257015 0.000533449 0.000447762 0.838909 0.0809947 0.010945 0.00408286 0.0373505
0 0.000872566 5.56944e-05 0.139876 0.00801833 0.0250321 0.000709842 0.823274 0.000441408 0.000870378 0.00085052
8 0.000838106 0.000258642 0.00922739 0.000431447 0.000813877 0.482182 0.0122382 0.475513 0.000600031 0.0178969
6 0.00748269 0.267165 0.294066 0.0221978 0.00471965 0.15919 0.0513348 0.0112346 0.108773 0.0738352
2 0.000423019 0.280729 0.0118012 0.00276518 0.000462817 0.243488 0.00607783 0.00834452 0.0537026 0.392206
9 0.000125403 0.840573 0.0124608 0.00173721 0.00191123 0.00783411 0.00765662 0.000990874 0.104835 0.0218753
9 0.00192881 0.742866 0.0844555 0.00212843 0.00103761 0.0912177 0.0148566 0.0045428 0.0342382 0.0227285
5 0.000333602 3.67583e-05 0.00656617 0.0148412 0.804975 5.00974e-05 0.171698 7.62448e-05 0.00110806 0.000314991
7 0.0040682 0.00401777 0.00883947 0.0250177 0.0150326 0.000507723 0.00255311 4.6967e-05 0.938779 0.00113743
1 0.000420627 0.00123301 0.00149301 0.00272619 0.00660088 0.0342357 0.0708772 0.526459 0.00134708 0.354607
7 0.0061669 0.0306066 0.091409 0.117554 0.195178 0.0267849 0.160653 0.00400961 0.315932 0.0517057
0 0.00217229 0.00141035 0.204526 0.00518142 0.00219218 0.119601 0.623155 0.0201184 0.00376951 0.017874
7 0.00810451 0.0194049 0.00516163 0.163858 0.0113498 0.000401048 0.00195607 0.00019465 0.776439 0.01313
9 0.00255799 0.52592 0.190704 0.0101178 0.0025204 0.0738047 0.0360965 0.00463613 0.115446 0.0381964
6 0.0113462 0.00748628 0.297883 0.0111924 0.00681658 0.252096 0.105869 0.266101 0.00774584 0.0334636
9 0.000442333 0.956267 0.00286497 0.000303417 0.000315048 0.0104952 0.00240232 0.00239052 0.0077599 0.0167598
0 0.0474216 0.0018506 0.159989 0.13467 0.0280595 0.00438507 0.592795 0.0178635 0.00358045 0.00938472
2 8.65275e-05 0.126881 0.000958799 0.00291938 0.00770105 0.00901548 0.00274806 0.00107276 0.0660586 0.782558
8 0.000801728 0.00225847 0.0233212 0.000619865 0.000224237 0.889009 0.0162738 0.0192682 0.00412016 0.0441032
5 4.87141e-05 8.86158e-06 0.000459852 0.0287928 0.96489 2.08083e-05 0.00486843 1.05454e-05 0.000545923 0.000354142
4 0.939835 0.000499038 0.0152621 0.00933108 0.0261585 0.000235573 0.00639828 0.000224881 0.00130282 0.000752414
2 0.0069518 0.0483113 0.0849989 0.0121325 0.00621524 0.0243239 0.0686116 0.245319 0.0203261 0.482809
4 0.979809 0.000390534 0.00757818 0.00367232 0.00340289 0.000140994 0.00259919 0.000161152 0.000794614 0.00145136
1 0.000656119 0.000146956 0.000986447 0.000243648 0.000241339 0.0864241 0.0268251 0.845873 0.000122925 0.0384804
9 0.00159594 0.933999 0.0117157 0.000956059 0.00138994 0.00854099 0.00926882 0.00126401 0.0241163 0.00715342
3 0.000353612 9.59789e-05 0.00840226 0.894914 0.0624531 0.000147442 0.0260592 6.57833e-05 0.00650517 0.00100355
6 0.000120734 6.74721e-05 0.680882 0.0109062 0.00737874 0.00372967 0.29094 0.00139834 0.000483924 0.0040933
7 0.00108884 0.00441755 0.00275504 0.0372922 0.0967791 0.000462928 0.00524208 0.000161705 0.850267 0.00153348
2 0.000115533 0.0176599 0.00155985 0.00329959 0.00356312 0.0110283 0.006745 0.00164762 0.0404037 0.913978
2 0.0005954 0.160941 0.00708424 0.00180975 0.000354589 0.232409 0.0131756 0.0239888 0.0281884 0.531453
3 0.00143092 0.00235342 0.036553 0.603625 0.245634 0.000922289 0.0465795 0.000692238 0.0575863 0.00462329
5 0.000110989 1.38615e-05 0.000787613 0.0168267 0.967894 8.65562e-06 0.0135484 1.61749e-05 0.000607545 0.00018586
5 9.62652e-05 3.62421e-05 0.000756464 0.0246442 0.948943 1.18191e-05 0.0236019 4.96957e-05 0.000983045 0.000877728
8 0.00195612 0.00131912 0.0400566 0.00106164 0.00101925 0.819835 0.0447746 0.0779745 0.0016005 0.0104026
5 0.000506853 0.00445334 0.00232378 0.0979472 0.569221 0.000947123 0.0234488 0.000785815 0.251709 0.0486572
2 0.000320188 0.0031559 0.00152528 0.00477417 0.00543064 0.035974 0.0188006 0.00408339 0.0151385 0.910797
7 0.000794774 0.00549998 0.00269898 0.00332284 0.00104126 0.00136106 0.00158724 3.9553e-05 0.981657 0.00199777
3 0.000778457 0.00073142 0.00575719 0.920944 0.0479733 0.000600493 0.00337209 6.13511e-05 0.017097 0.00268446
7 0.00686418 0.117634 0.0125806 0.253846 0.0616979 0.00996885 0.0135154 0.00894366 0.347237 0.167712
5 5.51576e-05 0.00010069 0.00832637 0.0315843 0.912511 0.000602795 0.037365 0.000166876 0.00429383 0.00499401
5 0.000494252 2.6609e-05 0.0118354 0.00552118 0.736324 7.65331e-05 0.245149 5.57857e-05 0.000409806 0.000107112
8 6.46798e-05 0.00480939 0.00686454 0.000293207 9.77306e-05 0.672871 0.0081602 0.0247298 0.00485711 0.277252
1 9.09545e-05 5.64071e-05 0.000560071 1.77796e-05 3.60741e-05 0.115917 0.00181909 0.871752 1.615e-05 0.00973428
6 0.00355476 0.280306 0.608883 0.0141469 0.00502559 0.00736593 0.0439408 0.00263972 0.0216852 0.0124516
1 0.00542616 0.00331889 0.0649745 0.00347757 0.00236034 0.262408 0.0589797 0.55498 0.00309171 0.0409826
8 0.000114581 0.00071522 0.00321951 0.000119222 0.000121922 0.78675 0.00794782 0.108671 0.00127625 0.0910636
3 0.000162823 7.16563e-05 0.00311223 0.870371 0.10468 4.81157e-05 0.0193738 0.00013032 0.00091471 0.00113512
3 0.0470612 0.000746668 0.0934208 0.79503 0.0095689 0.00138466 0.0483193 0.00103021 0.00182849 0.00161013
2 0.000554825 0.236139 0.00224728 0.000983218 0.000394418 0.11422 0.00341575 0.0195938 0.0130138 0.609438
0 0.000158147 0.000286413 0.206018 0.0211826 0.00716168 0.00243788 0.755797 0.00160842 0.00130215 0.00404767
2 0.000591304 0.0324149 0.00108023 0.000910304 0.000834908 0.163936 0.00297135 0.0240739 0.00745054 0.765737
0 0.013749 0.00131132 0.0974148 0.016213 0.175835 0.0300941 0.60516 0.0175103 0.0145049 0.0282081
3 0.00281994 0.00227022 0.0233391 0.764372 0.0670377 0.000952359 0.0273856 0.000444106 0.103659 0.00771965
7 0.0061399 0.00313122 0.00457359 0.0246971 0.0163071 0.000313432 0.0019991 6.41634e-05 0.941438 0.00133681
3 0.00320571 0.00232365 0.0264697 0.787057 0.0168579 0.00150674 0.0231228 0.000332723 0.132272 0.00685201
2 0.0296034 0.150657 0.0668771 0.0127947 0.00238145 0.254542 0.0196573 0.0783686 0.0247307 0.360388
5 0.000325851 1.28947e-05 0.00120043 0.0299338 0.949892 1.0263e-05 0.0176718 1.34276e-05 0.000809587 0.000130354
5 1.10326e-06 6.45853e-06 8.37616e-05 0.00143821 0.98807 5.41382e-06 0.0102282 5.79312e-06 3.92527e-05 0.000121485
2 0.000453507 0.355656 0.00534997 0.00743302 0.000664045 0.101446 0.00763528 0.00258301 0.150609 0.36817
7 0.00464099 0.0375246 0.0404238 0.0260524 0.00249434 0.0907031 0.0222925 0.00353922 0.642718 0.129611
5 0.000115213 1.67881e-05 0.000573192 0.147675 0.845468 2.68305e-05 0.00363156 1.63434e-05 0.00143873 0.00103859
5 0.00137148 0.00284297 0.0460954 0.116649 0.760071 0.002339 0.0335291 0.00107021 0.0294918 0.00654002
7 0.0018959 0.0149624 0.0214059 0.032219 0.00372319 0.127493 0.0360639 0.00303335 0.447047 0.312157
0 0.000459434 2.10356e-05 0.0859286 0.0029308 0.0101463 0.00149329 0.897754 0.000175044 0.000491842 0.000599517
6 0.00032421 3.36575e-06 0.807439 0.0036311 0.00132251 0.000525045 0.18591 0.000546985 1.73662e-05 0.000279874
4 0.976278 0.000400394 0.0112217 0.00196745 0.00309719 0.000306451 0.00437444 0.000157573 0.00134219 0.00085471
6 0.000447158 0.000267625 0.604173 0.00679642 0.00588963 0.0390659 0.339544 0.000769806 0.0017089 0.00133717
9 0.00635988 0.578424 0.128396 0.00896526 0.00265859 0.0802731 0.0240087 0.00444803 0.131658 0.0348081
0 0.00399045 0.000130138 0.0347176 0.0140329 0.29792 0.000932158 0.646955 0.000395664 0.000622725 0.000303452
6 0.000573333 8.61799e-05 0.738746 0.0371846 0.00755309 0.000700242 0.214356 0.000349719 0.000161026 0.000290501
5 0.000227697 9.42231e-05 0.00259034 0.0578546 0.895906 0.000228386 0.0379209 0.000112848 0.00234978 0.00271494
4 0.891977 0.000240284 0.081281 0.0158904 0.000541235 0.000448358 0.00790506 0.000150415 0.000894164 0.000672203
2 0.000199518 0.0167187 0.00135783 0.00221786 0.00194053 0.0338342 0.00802202 0.00377588 0.025592 0.906341
9 0.000168278 0.964419 0.00255598 0.000491428 0.000719906 0.00379859 0.00452027 0.00070405 0.0123869 0.010236
2 0.0010729 0.00518471 0.00653002 0.0038658 0.00220936 0.298087 0.134988 0.0858402 0.0131831 0.449039
3 0.000358403 5.30947e-05 0.00408682 0.929765 0.0470814 8.36539e-05 0.0131247 4.38414e-05 0.00462359 0.000779641
0 0.00804404 0.000642833 0.0727723 0.0802153 0.034098 0.00155344 0.784511 0.011579 0.00103353 0.00555012
8 0.000196784 0.00134628 0.00196446 0.000154545 0.000156228 0.488514 0.00360397 0.436654 0.000316451 0.0670935
2 0.000341502 0.0404867 0.00090114 0.00077001 0.000768835 0.0389861 0.00274186 0.00953785 0.00862682 0.896839
7 0.000835851 0.00504317 0.00254649 0.0261299 0.0222593 0.000416912 0.00340884 5.7682e-05 0.93757 0.00173142
7 0.00105003 0.000639293 0.00550275 0.16631 0.0216919 0.000660663 0.0368501 0.000100068 0.762813 0.00438149
4 0.669359 0.0129282 0.203212 0.00872232 0.00347326 0.0114901 0.0334097 0.00204378 0.0453099 0.0100511
4 0.974214 0.00013247 0.0211906 0.00156363 1.51227e-05 0.000246707 0.00190282 0.000239647 7.09252e-05 0.000424561
3 0.000365821 0.000536964 0.0160156 0.865118 0.0599399 0.00143464 0.0283878 0.000221205 0.0220147 0.0059659
1 0.000828105 0.000344888 0.014303 0.000407303 0.000305253 0.0850581 0.0156171 0.863856 0.000267302 0.0190132
4 0.40312 0.0254854 0.197855 0.0365031 0.00475862 0.0255228 0.0437348 0.00590748 0.201887 0.0552261
9 5.3926e-05 0.940373 0.00646277 0.000861084 0.000576562 0.00469266 0.00403471 0.00146404 0.0135826 0.0278988
6 0.0228568 0.0110098 0.399583 0.00868288 0.00604794 0.208881 0.122976 0.190275 0.00699863 0.0226883
6 0.00105707 0.0708714 0.750431 0.0104166 0.00114095 0.0624152 0.0403192 0.00251151 0.0419483 0.0188882
9 0.0026176 0.516272 0.340525 0.00726266 0.00367284 0.0190564 0.0538551 0.00570688 0.028803 0.0222286
5 0.000543691 5.14015e-05 0.000927753 0.0727553 0.910939 2.39129e-05 0.00722163 1.96561e-05 0.00692179 0.00059632
5 0.000530947 3.81982e-05 0.01615 0.0127993 0.696283 0.000327335 0.273084 9.62018e-05 0.000568761 0.000122298
3 0.00265658 0.00610877 0.00787395 0.796719 0.0676745 0.00058313 0.00736905 0.000548988 0.0946171 0.0158485
7 0.0557759 0.0545556 0.270897 0.146061 0.0460249 0.0116032 0.0566298 0.00580282 0.332684 0.0199659
4 0.822081 0.00138504 0.10431 0.00623527 0.000607976 0.00977743 0.0414615 0.0060312 0.00159302 0.0065168
3 7.97051e-05 3.42687e-05 0.00495267 0.934719 0.0420324 4.05019e-05 0.0148125 1.65186e-05 0.00306442 0.000247496
8 8.24751e-05 0.000190121 0.00286811 6.4058e-05 7.55878e-05 0.704837 0.00718166 0.231052 0.000456544 0.0531925
0 0.00249559 0.0181543 0.0396373 0.0205475 0.0250191 0.0491906 0.55881 0.0061267 0.217019 0.0629995
9 0.000625463 0.90579 0.00310265 0.000550088 0.000767236 0.0180751 0.00801725 0.00513285 0.0134128 0.0445262
6 0.000618962 0.000112133 0.814223 0.0297366 0.0117606 0.0005597 0.141892 0.000483495 0.000211371 0.000401537
1 0.000665334 0.00535479 0.00939031 0.000337092 0.000345356 0.276224 0.0109217 0.635865 0.00101279 0.0598835
8 0.000618062 0.00056044 0.0206342 0.000546824 0.00040642 0.864866 0.0537376 0.0383522 0.00139981 0.0188789
7 0.00098631 0.00130215 0.0017397 0.00420194 0.00489205 0.000266002 0.00124347 7.26772e-06 0.984954 0.000407286
4 0.961368 0.000310864 0.0105703 0.00218018 0.0064242 0.000414809 0.0165128 0.000206243 0.00118742 0.000825552
8 0.000493514 0.000809024 0.00839735 0.000363303 0.000305606 0.847642 0.0288972 0.0837483 0.00126027 0.0280834
5 0.00503283 0.0049683 0.155811 0.295058 0.451835 0.00513673 0.051705 0.00340235 0.0209351 0.00611532
2 0.000292812 0.0844747 0.00663224 0.0143068 0.00656857 0.0239389 0.0119731 0.00460858 0.0671545 0.78005
7 0.0030962 0.0066625 0.0410719 0.0522013 0.00261757 0.00490611 0.0100799 0.000229132 0.866959 0.0121769
2 0.000123606 0.00493688 0.0017513 0.000733064 0.000313721 0.0149009 0.0144923 0.356573 0.000971246 0.605204
7 0.000652599 0.0104144 0.00370264 0.0567118 0.0829109 0.000610925 0.00355893 0.000315353 0.837293 0.00382965
3 0.0193467 0.00101695 0.0280896 0.846759 0.0265851 0.00131762 0.0330269 0.000319716 0.0398402 0.00369776
4 0.986279 0.000270248 0.00793928 0.000220343 0.000130899 0.000725788 0.00251256 0.000754808 0.000165683 0.00100177
8 0.00271917 0.00564346 0.016621 0.00523309 0.00260965 0.325853 0.227638 0.0971001 0.0116826 0.3049
8 4.95336e-05 0.00117011 0.00414832 0.000136195 7.04331e-05 0.620959 0.00458615 0.20625 0.000915797 0.161715
9 0.000560712 0.880631 0.00184819 0.000428814 0.000622722 0.0170197 0.00394208 0.0049718 0.0164377 0.0735377
4 0.420362 0.103345 0.0991958 0.0136415 0.0119548 0.0621911 0.170401 0.00772387 0.0721983 0.0389871
6 0.00248202 0.01181 0.902893 0.0116393 0.000585599 0.0106883 0.044919 0.000691424 0.0111342 0.00315711
6 0.042399 0.0795006 0.671732 0.0154784 0.00366371 0.0483218 0.043215 0.00455292 0.0682343 0.0229026
0 0.00153855 0.00804169 0.0243657 0.011269 0.0365926 0.0276857 0.735206 0.00443473 0.101022 0.0498435
9 0.000940903 0.890365 0.0101233 0.00737025 0.00672561 0.00246541 0.0114015 0.00114978 0.0439143 0.0255443
7 0.00240564 0.0217731 0.00255892 0.00277706 0.00164261 0.00361813 0.00397153 9.94033e-05 0.957413 0.00374096
4 0.736839 0.0299105 0.0202408 0.00772174 0.00233752 0.0593992 0.00988809 0.020927 0.011091 0.101645
6 0.000117189 1.52308e-05 0.75057 0.00678339 0.00314841 0.00139968 0.235848 0.000751651 0.000118704 0.0012471
1 0.000606479 0.00079866 0.0246913 0.000669035 0.000561756 0.195906 0.0292071 0.725075 0.000543573 0.0219407
8 0.000301731 0.00229516 0.0320443 0.000555587 0.000189698 0.862398 0.0189171 0.0185799 0.00427382 0.0604448
6 0.000338363 0.00283877 0.910271 0.00117557 0.00675514 0.0142452 0.0497992 0.00719633 0.00177284 0.005608
4 0.615889 0.00506402 0.207396 0.0106157 0.00480654 0.011015 0.124335 0.00724544 0.00864322 0.00498978
1 0.000239386 8.15298e-05 0.00522668 9.71978e-05 7.92654e-05 0.031812 0.00425886 0.946514 5.3769e-05 0.0116376
1 0.000964262 0.000880959 0.0227813 0.00591688 0.00121474 0.0212778 0.0664551 0.805613 0.000650059 0.0742454
9 0.000134897 0.957761 0.00254899 0.000319578 0.000299052 0.0072662 0.00241817 0.00187348 0.00716939 0.0202088
3 9.85032e-05 3.46163e-05 0.00263164 0.891611 0.0869443 0.000125151 0.0156748 1.65714e-05 0.00212221 0.000741079
7 8.92202e-05 0.00236598 0.00119295 0.0104125 0.0172116 0.000199486 0.00108464 1.74146e-05 0.966065 0.00136087
3 0.00119964 0.00253974 0.016016 0.498072 0.133253 0.000736466 0.0300648 0.000358189 0.310953 0.00680774
0 0.00117447 5.79844e-05 0.0247648 0.00552271 0.24964 0.00155041 0.715625 0.000327122 0.000989768 0.000347706
7 0.00113713 0.351022 0.0281983 0.0862023 0.0942508 0.0180352 0.0160861 0.00281811 0.363657 0.0385924
8 0.00937885 0.000973393 0.0540167 0.00142934 0.00109607 0.508414 0.357496 0.0303355 0.00218686 0.0346737
1 0.00112377 0.00471098 0.042461 0.00160789 0.00297439 0.137446 0.0932108 0.60623 0.00283017 0.107405
4 0.528256 0.0265221 0.0729017 0.023494 0.0044099 0.0884385 0.0227228 0.0584073 0.0211224 0.153726
3 0.0184657 0.00762253 0.0505815 0.320906 0.200828 0.0024404 0.0783351 0.00176523 0.304024 0.0150317
9 0.0728552 0.290436 0.0658832 0.0133063 0.00505569 0.25274 0.0336704 0.0496195 0.0704723 0.145961
9 0.00155429 0.874826 0.0475708 0.00205775 0.00260767 0.00876126 0.014716 0.000841206 0.0398819 0.00718304
3 0.0116512 0.0106469 0.0090242 0.600947 0.0739896 0.000685712 0.00316785 0.000447885 0.28259 0.00684903
4 0.485905 0.026816 0.143458 0.00876353 0.00598418 0.167003 0.0741572 0.0456123 0.013616 0.0286842
3 0.00500598 0.000127459 0.0643889 0.896731 0.0168882 0.000196382 0.015303 0.000133913 0.000814253 0.000410522
5 0.0328556 0.00219733 0.0891382 0.0214082 0.383698 0.0328703 0.356341 0.023642 0.019307 0.0385425
0 0.00123885 8.97e-05 0.0420656 0.00543338 0.00246994 0.0153092 0.923658 0.00235953 0.00137924 0.00599615
1 0.00421512 0.0122281 0.0481713 0.00240672 0.00277251 0.287808 0.0591207 0.347379 0.00775639 0.228142
1 0.00221059 0.00865813 0.137971 0.00347773 0.00451236 0.179637 0.113938 0.479128 0.00520584 0.0652616
9 0.000457291 0.937206 0.00386763 0.000412036 0.000282715 0.0189512 0.00330982 0.00121765 0.0213261 0.0129699
2 0.0010048 0.0221176 0.0069879 0.0125618 0.00603819 0.0386637 0.0299793 0.00371886 0.104035 0.774893
3 0.00375625 0.00761832 0.0383623 0.44869 0.175828 0.0137078 0.097125 0.00263769 0.175778 0.0364975
0 0.041467 0.00123767 0.290444 0.18977 0.00567163 0.0136121 0.414473 0.00302051 0.0278835 0.0124208
7 0.00141443 0.0337165 0.00782626 0.00365584 0.00147208 0.0131033 0.00496713 0.00041172 0.92272 0.0107127
4 0.979096 0.000436351 0.00959535 0.002411 0.00223751 0.000326051 0.00332485 0.000154272 0.001196 0.00122262
1 0.00954795 0.00757461 0.125993 0.0113839 0.00780934 0.185709 0.0968538 0.505901 0.00631328 0.0429142
0 0.00736941 0.000971035 0.0864685 0.142293 0.295158 0.00104167 0.463168 0.00102867 0.00148604 0.00101608
3 0.00333437 0.000817917 0.0183188 0.569767 0.0653717 0.000943247 0.0436189 0.00025748 0.290668 0.00690291
