labels 4 9 6 3 5 8 0 1 7 2
5 7.63609e-05 2.7165e-05 0.000101701 0.00952442 0.984391 2.05191e-05 0.0052112 2.3635e-05 0.000328107 0.000295585
1 0.00363113 0.00149043 0.0101037 0.00171243 0.00236728 0.0273005 0.017484 0.880369 0.000669182 0.0548721
4 0.902119 0.000219379 0.0685931 0.0168823 0.000837966 0.00126157 0.00840167 0.000185513 0.000863193 0.000636289
8 9.31018e-05 0.000162875 0.0013189 0.000167727 4.60012e-05 0.955589 0.0199893 0.0164122 0.000201545 0.00601919
8 0.000161633 0.000317364 0.000940442 0.000161894 6.10154e-05 0.731263 0.00571723 0.21493 0.000227674 0.0462198
3 2.03741e-05 1.46075e-05 0.000514761 0.986285 0.00931954 9.68174e-05 0.00196536 3.89621e-06 0.00163066 0.0001493
5 2.11658e-05 1.05413e-05 0.000129953 0.00349912 0.984291 4.88492e-05 0.0116777 1.29932e-05 0.0001414 0.000167504
0 5.45067e-05 7.70541e-05 0.00230678 0.00337052 0.00296294 0.000381762 0.989333 0.000129502 8.76023e-05 0.00129676
3 1.13984e-05 1.02675e-05 0.000175596 0.987024 0.00196104 2.05496e-05 0.00301279 4.77314e-06 0.00771954 5.99647e-05
1 0.0022055 0.000504486 0.00377209 0.00514492 0.00244989 0.00512203 0.0222758 0.893921 0.000446423 0.0641582
0 0.000283469 0.000236023 0.00693568 0.000890537 0.0238695 0.0118846 0.933807 0.00506336 0.00185363 0.0151763
1 0.00138112 0.00144684 0.00595824 0.00435709 0.00109934 0.0409438 0.0660344 0.750029 0.00114851 0.127601
1 0.000266954 0.000405039 0.000616492 0.000150149 0.000175012 0.440262 0.00609135 0.507508 0.000257736 0.0442668
0 0.00126807 0.00110009 0.183548 0.00412104 0.0106624 0.0234052 0.688477 0.06789 0.00103562 0.018492
7 0.00028184 0.00195804 0.000428721 0.0600848 0.138462 0.000576484 0.00279021 0.00030926 0.762621 0.0324874
8 0.00428752 0.0120035 0.0346795 0.0027741 0.000729297 0.661672 0.0483417 0.0525941 0.0150207 0.167898
7 0.000126721 0.0278157 0.00533671 0.000304196 0.000166758 0.010168 0.00156445 0.000169525 0.950916 0.00343202
6 8.8927e-05 4.3055e-05 0.979451 0.00411961 0.00109909 0.000383722 0.0145804 7.43047e-05 5.94159e-05 0.000100366
9 6.92182e-05 0.98436 0.00186226 0.00017596 0.000165201 0.00521923 0.00112034 0.000456957 0.00313557 0.00343546
0 0.00264623 8.25503e-05 0.00683717 0.0251903 0.358422 0.00105402 0.603437 0.000537631 0.000208601 0.00158423
8 2.06426e-05 9.3615e-05 0.000351705 2.10102e-05 1.04671e-05 0.97451 0.00378394 0.0116242 9.29763e-05 0.00949105
3 8.73885e-05 3.98423e-06 0.000836563 0.992637 0.00204095 6.99679e-05 0.00415113 6.63258e-06 0.000143086 2.28254e-05
9 7.58032e-05 0.882931 0.01153 0.000476643 0.000118129 0.00774837 0.00119285 0.000352362 0.0829851 0.0125899
4 0.985331 0.00025195 0.00673018 0.00184321 0.00121691 0.000437811 0.0017414 0.000437552 0.000472165 0.00153741
7 0.000326011 0.00196525 0.00123402 0.0201245 0.00838469 0.00237604 0.00072074 7.63196e-05 0.958904 0.0058888
4 0.974967 0.000398299 0.0102766 0.00225274 0.00475483 0.000421596 0.00493889 0.000240359 0.00102845 0.000720801
7 1.34771e-07 5.87623e-05 2.42098e-05 0.000274493 8.26872e-06 4.88326e-05 2.93914e-06 4.10268e-07 0.99954 4.18192e-05
8 0.000178925 0.000161222 0.00100304 9.44825e-05 4.55741e-05 0.90743 0.0800587 0.00360693 0.000413747 0.00700738
7 0.000241002 0.0161666 0.000896634 0.0231043 0.00190876 0.00193995 0.0019835 0.000132886 0.944182 0.00944442
4 0.975455 0.000110167 0.00485963 0.000665115 0.00059633 0.00124154 0.0131652 0.00192815 0.000131479 0.00184752
7 7.99562e-06 0.00162473 0.000297521 0.00202262 0.000413164 0.000278162 9.80432e-05 1.69857e-05 0.994809 0.000431414
9 0.00463126 0.644403 0.01732 0.0298429 0.00336504 0.100927 0.0205422 0.00389384 0.123027 0.0520479
1 0.00225439 0.00264423 0.00929143 0.00178304 0.0014997 0.0832424 0.027614 0.652711 0.0012296 0.21773
7 4.29399e-07 0.000281468 2.73921e-05 2.11028e-05 1.4322e-06 0.000375013 1.50116e-05 6.45829e-07 0.998956 0.000321223
6 0.00020825 3.22388e-05 0.851314 0.0188539 0.00525629 0.00115826 0.122699 0.000158774 0.00014437 0.000174048
7 0.00011892 0.000648395 0.00253387 0.00874144 0.000127576 0.00228865 0.000865454 1.50603e-05 0.983071 0.00158918
4 0.987113 0.000213838 0.00400668 0.0004429 0.00036957 0.000999179 0.0037186 0.0010963 0.000149426 0.00189031
1 0.000612305 0.00422823 0.00374075 0.000816075 0.000753076 0.0901953 0.013381 0.514799 0.00137601 0.370098
1 0.00323755 0.00120178 0.0035722 0.00650768 0.00348688 0.00959627 0.0418065 0.76047 0.00084107 0.16928
4 0.902097 0.00238766 0.0541612 0.00796531 0.00350879 0.00205581 0.00767765 0.000324579 0.0181808 0.00164125
7 0.00126028 0.00116774 0.0020626 0.206767 0.016203 0.000691036 0.000487578 2.20822e-05 0.770981 0.000357462
8 3.12234e-06 0.00039181 0.000235431 3.95154e-06 2.32516e-06 0.989926 0.00121059 0.00121586 0.000761525 0.00624941
0 0.00222435 0.00019708 0.00837085 0.256121 0.300596 0.000251045 0.430741 0.000368063 0.000278161 0.000852277
3 0.000289551 0.000906761 0.0034145 0.744517 0.0416697 0.000379657 0.00889415 9.15691e-05 0.196807 0.00302958
4 0.554433 0.0217512 0.383245 0.016888 0.000463346 0.00408272 0.00839583 0.000623907 0.00821439 0.00190273
9 0.000280367 0.951946 0.00324036 0.00133352 0.000650022 0.00667935 0.00277834 0.0013132 0.00759491 0.0241837
3 0.000126044 4.3648e-05 0.0033489 0.877451 0.02343 0.000230168 0.094542 8.1851e-05 0.000362232 0.000383759
6 0.00140816 0.00699045 0.593884 0.0146914 0.00141593 0.199485 0.0653192 0.00865567 0.0795637 0.0285862
2 0.00168098 0.0173767 0.0053921 0.0287438 0.00521169 0.128091 0.0395891 0.0042965 0.211178 0.55844
3 1.78237e-05 1.62759e-05 2.59568e-05 0.989423 0.00906327 9.4027e-06 0.000854501 3.06377e-06 0.000462035 0.000124423
5 1.90954e-05 1.63243e-05 3.23377e-05 0.00320428 0.993064 1.68615e-05 0.00299136 1.31295e-05 0.000404 0.000238211
6 1.79176e-05 6.5674e-06 0.989769 0.00155738 0.000375906 0.00215851 0.00549297 0.000364267 4.19531e-05 0.000216005
0 1.34622e-05 3.53031e-06 0.000575386 0.00167037 0.000683747 0.00011988 0.996571 6.87331e-06 0.000220747 0.000135494
6 0.000454912 4.48565e-05 0.75584 0.00246446 0.00180355 0.00909976 0.228473 0.00112183 0.000127117 0.000570864
1 0.0109896 0.0074002 0.183638 0.0162961 0.0154804 0.115445 0.270557 0.340123 0.00524922 0.0348221
1 0.064001 0.00426945 0.0427927 0.0222858 0.0114202 0.0118401 0.0430123 0.710977 0.00273236 0.0866696
6 3.17412e-05 2.18686e-05 0.986402 0.00248359 0.000531485 0.00138125 0.00791175 0.000355975 6.69767e-05 0.000813384
8 3.85596e-05 9.8991e-05 0.000995464 3.56645e-05 1.02138e-05 0.978228 0.0125777 0.00457228 0.000145283 0.00329744
3 0.0226137 0.000654437 0.0181587 0.902524 0.0023084 0.000809568 0.00155855 8.27619e-05 0.0506267 0.000663384
3 0.00145282 2.96955e-05 0.00345953 0.968884 0.0168381 7.822e-05 0.00857418 2.17518e-05 0.000585384 7.60614e-05
5 0.00137316 4.04843e-05 0.00648422 0.0112385 0.490723 0.00016146 0.489472 4.70952e-05 0.00037864 8.15413e-05
4 0.983746 0.000247788 0.00482149 0.00242639 0.00354605 0.00031143 0.00341313 0.000213609 0.000537776 0.00073658
1 0.00152141 0.000505689 0.00948458 0.00126231 0.00148888 0.0240853 0.0167851 0.898572 0.00040392 0.0458911
0 0.000228796 0.000376293 0.00243152 0.00690973 0.00143084 0.0017129 0.981282 0.000568817 0.000460289 0.00459894
3 0.000378637 0.00291574 0.00150829 0.731267 0.0231571 0.0031218 0.00362825 0.000201089 0.212896 0.0209268
3 0.00142188 0.00446636 0.014347 0.678923 0.0728985 0.0104976 0.0736552 0.00131903 0.117142 0.0253298
1 0.00929264 0.000607437 0.00731261 0.0133048 0.00587334 0.00375645 0.0229947 0.890016 0.000594504 0.0462474
9 4.58296e-05 0.973624 0.000393613 4.04753e-05 2.86742e-05 0.0069876 0.000185406 0.000759141 0.00348075 0.0144549
7 1.07277e-05 0.00332273 0.00178182 6.12731e-05 1.29422e-05 0.00245591 5.48656e-05 5.20241e-06 0.991602 0.000692816
0 0.000225559 5.16922e-05 0.00344362 8.38863e-05 0.00138689 0.0193757 0.973704 0.000133064 0.00102284 0.000573002
7 0.0136538 0.0114366 0.135347 0.158936 0.00360771 0.0116469 0.0284156 0.00217249 0.62523 0.00955392
9 3.79448e-05 0.984068 0.00495657 7.2298e-05 4.3522e-05 0.00397766 0.000575414 7.66426e-05 0.00519676 0.000994741
2 0.000148186 0.0143963 0.000475662 0.000752813 0.000410661 0.0467518 0.0034623 0.00125297 0.0300123 0.902337
7 3.4545e-08 2.18632e-07 6.99568e-08 1.192e-07 7.03547e-08 5.03687e-08 4.67072e-08 2.53033e-08 0.999932 6.71181e-05
8 0.000138375 0.000256555 0.00114599 0.000206578 0.000100106 0.950408 0.0195427 0.0207842 0.000278464 0.0071385
5 4.74644e-05 6.61286e-05 0.00014928 0.0235411 0.963135 0.000105671 0.0105061 0.000125736 0.000408832 0.00191457
6 0.012889 0.059141 0.264111 0.209148 0.150157 0.0468848 0.0450724 0.0105101 0.169586 0.0325003
2 0.000153396 0.00377424 0.000633821 0.0562501 0.00951569 0.00255048 0.00312434 0.000269828 0.361911 0.561817
8 0.000294136 0.000212365 0.00142943 6.74555e-05 3.44757e-05 0.945647 0.00440702 0.0320995 0.000178657 0.0156299
1 0.0543163 0.02555 0.0294985 0.0140242 0.00914909 0.21028 0.0781601 0.40111 0.0103294 0.167583
1 0.00035149 0.000472473 0.00142054 0.000993565 0.000536983 0.0131202 0.0215337 0.879524 0.000306349 0.0817407
0 0.000723405 0.000378458 0.0156967 0.00449455 0.000676125 0.0389769 0.907494 0.0115991 0.00075954 0.0192013
9 4.732e-05 0.923602 0.00848632 0.000696514 9.88858e-05 0.00988833 0.00116848 0.00178272 0.0101979 0.0440312
1 0.00170917 0.000696392 0.00204769 0.000835926 0.00153198 0.0719572 0.00837556 0.86667 0.000408505 0.0457671
8 7.41973e-05 0.00012057 0.00166592 0.000258662 0.000100308 0.913436 0.0778777 0.00163246 0.000606632 0.00422721
5 0.000124756 4.54969e-05 0.00256748 0.00119488 0.782564 0.00016865 0.213093 9.36752e-05 3.95719e-05 0.000108022
4 0.916748 0.000759709 0.0205788 0.00349171 0.00101919 0.0139381 0.0176899 0.014687 0.000689294 0.010398
6 0.00103576 0.0498241 0.851392 0.00157132 0.000555242 0.0411126 0.00603694 0.00091199 0.0402494 0.00731069
7 1.42789e-05 0.00253445 0.000476053 0.000764195 6.58446e-05 0.000800592 6.58127e-05 1.34593e-05 0.994421 0.000844313
2 0.146613 0.0857471 0.163677 0.0334895 0.00702013 0.176211 0.0621332 0.046554 0.0536243 0.22493
5 3.78602e-05 2.33855e-05 0.000358094 0.0102198 0.967286 0.000100666 0.0211028 1.76448e-05 0.000536876 0.000316847
3 0.00151054 0.00236083 0.00376022 0.911811 0.048319 0.000629762 0.00662828 0.000543354 0.014191 0.0102463
1 0.00662802 0.00030292 0.00158736 0.00163854 0.00240711 0.0151751 0.0126348 0.925506 0.000280415 0.0338398
0 0.000361959 4.23316e-05 0.0226081 0.000334525 0.000153186 0.0686701 0.904779 0.00152878 0.000135737 0.00138659
6 0.00292296 0.0223204 0.400412 0.0366239 0.327426 0.00821078 0.0689841 0.00256524 0.12601 0.00452465
7 0.00021463 0.00797708 0.00102442 0.000392231 0.000123636 0.00496001 0.000253093 2.78838e-05 0.983091 0.00193617
8 1.93295e-05 8.57545e-05 0.000463343 1.97243e-05 1.08882e-05 0.972511 0.0123893 0.00924953 0.000107528 0.00514404
1 0.00124598 0.00582844 0.0112612 0.00118375 0.00114716 0.120309 0.0343424 0.685657 0.00181454 0.13721
9 0.000840999 0.956013 0.00660552 0.000333872 0.000190587 0.0175083 0.00214942 0.00198825 0.00490592 0.00946456
0 0.000106704 4.68383e-05 0.0059338 0.00170447 0.0106492 0.00097012 0.976144 0.00128958 0.00017216 0.00298317
2 0.000533351 0.015922 0.00182936 0.00214569 0.000619583 0.0347465 0.0284586 0.282602 0.00169022 0.631453
2 3.42146e-05 0.00532649 0.000319539 0.00113878 0.000581916 0.0107629 0.00280658 0.000890601 0.0264271 0.951712
7 3.93634e-05 0.000869514 0.000381193 0.0171353 0.00270804 3.58423e-05 4.19141e-05 4.46498e-06 0.978712 7.26483e-05
2 0.00716269 0.0611204 0.0705484 0.0390611 0.120426 0.0465327 0.143747 0.144416 0.0348789 0.332107
1 0.237751 0.00843484 0.0201095 0.0181578 0.0131831 0.0648786 0.0350629 0.49117 0.00397309 0.107278
9 6.75521e-05 0.952803 0.00490735 0.00025087 5.08081e-05 0.00853665 0.000609846 0.00152789 0.00506957 0.0261767
1 0.000696503 0.000621568 0.0129731 0.000997478 0.00110313 0.0429647 0.0344795 0.858455 0.000393934 0.0473152
8 1.13084e-05 0.00133361 0.000110582 1.03446e-05 5.37615e-06 0.841821 0.00117271 0.053 0.000382559 0.102153
5 7.45099e-05 6.78434e-05 0.000234826 0.00349465 0.917956 3.96685e-05 0.0777644 1.58351e-05 0.00030719 4.54903e-05
7 5.22179e-08 3.19945e-07 9.75878e-08 1.86566e-07 1.01604e-07 6.58988e-08 6.93523e-08 3.71783e-08 0.999934 6.54331e-05
5 8.56107e-05 5.5832e-05 0.000463483 0.000610542 0.924174 6.28578e-05 0.0743154 2.95931e-05 0.00011554 8.7158e-05
1 0.00253379 0.000626908 0.00343968 0.00335341 0.00185473 0.00955996 0.0362534 0.87396 0.000550547 0.0678678
5 0.000258767 0.000195888 0.000822435 0.0363702 0.77723 0.000251079 0.182864 0.000146172 0.000423319 0.00143795
6 2.09701e-05 1.08664e-05 0.992332 0.00303097 0.000663892 0.000189262 0.00356716 4.54352e-05 4.53068e-05 9.43022e-05
5 0.000227976 0.000112153 0.00142638 0.036903 0.686629 0.000207599 0.273543 7.37185e-05 0.000428865 0.000448502
5 3.07096e-06 3.15803e-06 3.40107e-05 0.000612982 0.991343 3.9569e-06 0.00795308 2.56148e-06 2.7795e-05 1.66683e-05
6 0.0493411 0.0104079 0.599383 0.00634837 0.00103179 0.00753834 0.00340941 0.000584741 0.317639 0.00431679
4 0.943299 0.000930136 0.0143044 0.00487362 0.000761799 0.00384749 0.00369526 0.00891923 0.000872996 0.018496
5 6.70115e-05 3.13495e-05 0.000118563 0.0131191 0.979861 4.64378e-05 0.00591622 4.13976e-05 0.000166473 0.000632924
1 0.000626706 0.00148085 0.0186385 0.00120363 0.000393572 0.296766 0.013615 0.59578 0.000994184 0.0705019
8 0.000417836 0.00324412 0.000630787 0.000358697 0.000312061 0.527721 0.00239349 0.148985 0.000864275 0.315072
1 0.00109056 0.000949137 0.00179922 0.00233868 0.00149518 0.0110277 0.0347149 0.770309 0.000564851 0.175711
1 0.00486675 0.00107703 0.0266795 0.00545635 0.00451 0.0287239 0.0441615 0.836346 0.00104772 0.0471317
6 6.06861e-05 2.83788e-05 0.729916 0.00123809 0.00143648 0.00718467 0.25829 0.000985202 0.000129979 0.000730237
3 1.08771e-05 1.31116e-05 9.73578e-05 0.972168 0.0128343 9.43907e-06 0.00202606 4.50548e-06 0.0128109 2.51368e-05
6 0.000168032 6.47692e-06 0.989292 0.00239787 0.000443619 0.00205266 0.00521758 0.000272958 2.28323e-05 0.000126115
4 0.850467 0.000638522 0.0606095 0.057444 0.00506332 0.00212583 0.0169128 0.00114696 0.00147829 0.00411353
0 7.20775e-05 3.08924e-06 0.0014432 0.00120112 0.000666991 0.000242883 0.995863 0.0001218 2.81528e-05 0.000357556
2 7.16386e-05 0.0251583 0.000439972 0.000559073 0.000324213 0.0245273 0.00214481 0.00231376 0.0128837 0.931577
9 4.56764e-05 0.97694 0.00705115 3.57213e-05 1.62295e-05 0.00841435 0.00023733 8.03492e-05 0.00559299 0.00158582
5 6.63176e-05 4.05861e-05 0.00042028 0.0149827 0.977755 5.82892e-05 0.00642486 5.7843e-05 9.10876e-05 0.000103417
7 2.68407e-06 1.30615e-05 0.000940197 0.000114325 5.45684e-05 0.000493351 6.18906e-05 9.78942e-07 0.998266 5.26345e-05
8 0.00243686 0.000406608 0.00755563 0.000749654 0.000197984 0.767595 0.177799 0.0114798 0.00109794 0.0306814
2 7.96824e-05 0.00264817 0.000183245 0.00119179 0.00116686 0.0540697 0.00473607 0.00161038 0.0137736 0.920541
4 0.987816 0.00012578 0.00506398 0.00270012 0.00101292 0.000172386 0.00177675 0.000148044 0.000600553 0.000583303
1 0.00237236 0.000891629 0.00317328 0.000779552 0.00110595 0.343566 0.0138862 0.589916 0.000581929 0.0437264
6 0.000616916 0.0133481 0.90072 0.0135605 0.000888455 0.0023442 0.00487262 0.000137881 0.0623253 0.00118631
3 3.55986e-05 1.54545e-05 0.00119173 0.986562 0.00509553 5.00272e-05 0.00641179 9.14825e-06 0.000565439 6.33777e-05
9 4.55469e-05 0.877868 0.00327118 0.000806576 0.000308736 0.00750178 0.00246138 0.00237635 0.0107803 0.0945799
9 0.00084081 0.774823 0.00514007 0.000391292 0.000227466 0.115968 0.00308584 0.00470164 0.0166712 0.078151
8 9.90078e-05 0.000253948 0.000966655 0.000138119 7.43916e-05 0.952983 0.0162574 0.0208615 0.000275839 0.00809061
7 9.55212e-05 0.000407695 0.000579484 0.0243827 0.00267916 0.000226879 7.69955e-05 2.08019e-06 0.971472 7.77684e-05
4 0.510262 0.0452296 0.266131 0.0158885 0.00394259 0.0178916 0.0200865 0.00401552 0.0952192 0.0213339
1 0.00094284 0.017075 0.0118697 0.00138585 0.00118569 0.157898 0.0282312 0.388661 0.00855612 0.384195
2 0.0937181 0.101038 0.139811 0.0209295 0.00615378 0.237271 0.0404409 0.0435035 0.0580111 0.259123
9 2.63498e-05 0.982702 0.00202501 3.55399e-05 1.43674e-05 0.00889674 0.000190949 0.000173262 0.00385291 0.00208266
6 2.34589e-05 1.36144e-05 0.988828 0.0025513 0.000390784 0.00111927 0.00657292 0.000221316 3.67449e-05 0.000243016
2 9.44789e-05 0.015216 0.000358338 0.000592577 0.000254423 0.0260801 0.00242958 0.000736304 0.0269556 0.927283
2 4.4336e-05 0.0250462 0.000569479 0.00761986 0.0042893 0.00391905 0.00381621 0.0017054 0.0406554 0.912335
4 0.538193 0.00737783 0.213453 0.0186464 0.0107858 0.0585622 0.114431 0.0194423 0.0072286 0.0118791
8 7.78192e-05 0.125404 0.00621836 0.000277501 0.000148915 0.693049 0.00981668 0.00579587 0.0239425 0.135269
5 7.71373e-06 5.11913e-06 3.79345e-05 0.00221235 0.986947 4.57682e-06 0.0106998 3.18377e-06 6.07126e-05 2.20221e-05
8 6.47613e-05 0.000149489 0.000530386 4.90351e-05 3.01032e-05 0.947383 0.0131364 0.0337347 0.000104324 0.00481803
6 0.000224363 0.0514327 0.888048 0.000918026 0.000255953 0.0290814 0.00732708 0.000720341 0.0159607 0.00603152
9 1.75478e-06 0.997376 0.000334942 5.3904e-05 3.73256e-05 0.000967129 0.000275223 5.62256e-05 0.00059207 0.00030529
1 0.00129453 0.00499555 0.00414306 0.00118893 0.00151336 0.400329 0.0195386 0.481045 0.00189678 0.084055
0 6.81495e-05 1.8232e-05 0.0165551 0.000395166 0.000395224 0.0142191 0.965187 0.00109348 0.000143931 0.0019244
0 0.000192144 0.00020678 0.156215 0.00284249 0.00755591 0.0206583 0.805488 0.00265524 0.000361057 0.00382547
2 0.000686965 0.0158272 0.00209921 0.00231005 0.00101344 0.0701463 0.011213 0.00171805 0.0598917 0.835094
3 0.0155913 0.00605251 0.0105385 0.887154 0.0342189 0.0019977 0.0118493 0.00214011 0.0122255 0.0182319
9 0.000226749 0.9009 0.0257855 0.000859355 0.000638402 0.00578838 0.00318201 0.000145974 0.0596253 0.00284792
9 1.59599e-05 0.9829 0.00810675 0.000162221 9.55932e-05 0.00218677 0.000576236 0.000240775 0.00382166 0.00189367
8 0.00138971 0.00415733 0.146846 0.00123624 0.000284448 0.800164 0.015869 0.00992593 0.00634592 0.0137812
0 0.0148367 8.5217e-05 0.084683 0.00211221 0.000846935 0.0544209 0.835881 0.00414989 0.000319179 0.00266495
9 0.000562766 0.556026 0.0042371 0.00234798 0.000565435 0.133488 0.00290083 0.00221314 0.0567135 0.240945
0 0.00021939 0.000138525 0.00702503 0.0188576 0.0372495 0.000761278 0.93356 0.000205924 0.000216386 0.00176657
1 0.00125706 0.00211626 0.00269347 0.000518172 0.000655384 0.315042 0.0100865 0.608033 0.000856118 0.0587426
1 0.0237568 0.000527854 0.00971576 0.0174038 0.00379204 0.00409642 0.029869 0.888555 0.000558702 0.0217244
5 0.000124508 6.77648e-05 0.000227918 0.0213158 0.969449 5.21117e-05 0.00765044 5.20648e-05 0.000247689 0.000812237
6 0.0517475 0.0141442 0.785156 0.00532561 0.00085656 0.0193662 0.0106105 0.000939333 0.104591 0.00726379
5 2.79772e-05 1.87411e-05 8.61827e-05 0.00140387 0.96206 3.06028e-05 0.0361622 1.49454e-05 0.000125033 7.05594e-05
0 0.000557716 0.000161717 0.00510429 0.000866824 0.111674 0.00535571 0.872725 0.000278872 0.00182343 0.00145164
7 1.3585e-05 7.69844e-06 0.000262481 0.000712609 0.000173666 0.000138141 4.23989e-05 1.46929e-06 0.998619 2.93544e-05
0 0.000209747 0.000302799 0.00363282 0.000740431 0.000306731 0.25033 0.722613 0.00377392 0.000688761 0.0174019
7 0.000112744 0.0192103 0.0011208 0.00733312 0.00043336 0.00781701 0.00112891 7.62703e-05 0.960245 0.00252272
3 5.91609e-05 2.62218e-05 0.00124009 0.952055 0.0294534 6.23292e-05 0.0158515 7.35095e-05 0.000584876 0.000594095
9 4.29668e-06 0.995339 0.000255148 6.1696e-05 6.31398e-05 0.00126755 0.000242415 9.45512e-05 0.00162333 0.00104875
3 2.7288e-05 1.40395e-05 0.000298576 0.987302 0.00694991 2.048e-05 0.001259 4.54966e-06 0.00404678 7.76335e-05
4 0.889535 0.000625445 0.0728243 0.00415759 0.000661111 0.00592237 0.0209175 0.00295597 0.000458438 0.00194262
7 3.21839e-06 0.0018492 0.00131276 0.000531006 6.62795e-05 0.000947108 0.000111171 3.53899e-06 0.994685 0.000491163
8 5.04757e-05 7.28793e-05 0.000801838 6.91364e-05 1.76951e-05 0.970223 0.0156604 0.00732328 0.000124794 0.00565672
2 8.60098e-05 0.0105561 0.000334334 0.000777145 0.000690811 0.0341158 0.00384316 0.00533524 0.00674874 0.937513
4 0.992943 0.000127222 0.00374448 0.000330906 0.000379651 0.000153737 0.0011578 0.000244448 0.000169284 0.000749804
0 0.000349773 3.18562e-05 0.00120046 0.00318555 0.000827178 0.00254475 0.98945 0.000358176 0.000365859 0.00168629
6 2.76398e-05 1.5515e-05 0.967681 0.00293999 0.00102354 0.00178144 0.0255095 0.00026284 0.000156809 0.000601957
6 0.00163333 0.10389 0.669513 0.00494643 0.00190358 0.0888561 0.0299797 0.00893708 0.0332567 0.0570839
4 0.979992 0.000343186 0.00872146 0.000926578 0.00203643 0.000698527 0.00560578 0.000353754 0.000493667 0.000828879
5 5.08295e-06 4.14952e-06 1.78057e-05 0.00218589 0.993375 2.53061e-06 0.00434096 2.74027e-06 3.70239e-05 2.84921e-05
0 0.000332163 2.59762e-05 0.00896235 0.00278099 0.0112527 0.00081843 0.974622 0.000518547 0.000109756 0.000576709
6 0.00323331 0.00915319 0.911309 0.0356591 0.00309478 0.00207955 0.00946767 0.000327414 0.0240519 0.00162379
7 0.0188846 0.0041929 0.412531 0.0104046 0.00111397 0.00373447 0.00592601 0.000134144 0.541637 0.00144078
4 0.880272 0.000493718 0.0139229 0.00422224 0.00113537 0.0175317 0.0121004 0.0463457 0.000657215 0.0233185
2 0.000177772 0.0175058 0.000515397 0.000687429 0.000576975 0.0343605 0.00269421 0.0072357 0.0082409 0.928005
4 0.460289 0.00208778 0.17104 0.140685 0.0678439 0.00431147 0.141794 0.00411978 0.00360065 0.00422812
3 0.0116558 0.000137113 0.024246 0.92964 0.00455381 0.000803863 0.0271764 0.000293753 0.000704259 0.000789065
2 4.21577e-05 0.00713487 0.000391146 0.00126814 0.000910472 0.0117771 0.00406952 0.00150692 0.0221635 0.950736
2 0.000386924 0.00210227 0.00107374 0.00404154 0.00119517 0.026049 0.0140702 0.0011317 0.0500786 0.899871
4 0.290053 0.0330833 0.0858005 0.0367809 0.00738642 0.116744 0.0629518 0.0829945 0.024249 0.259957
5 7.63259e-05 4.62976e-05 0.000131134 0.0155824 0.980575 3.52147e-05 0.00293759 1.43557e-05 0.000362618 0.00023949
8 0.00123226 0.00405123 0.00385738 0.00112544 0.0015073 0.465241 0.0235434 0.421773 0.00179211 0.0758761
3 0.000516077 3.73734e-05 0.00368907 0.979894 0.00814849 0.000264366 0.00640216 5.19608e-05 0.000750871 0.000245399
4 0.876904 0.00096084 0.0751519 0.0055277 0.00228936 0.00363839 0.0306025 0.00227612 0.000879189 0.00177031
2 0.000228434 0.0032601 0.000387727 0.00131702 0.000550727 0.0286942 0.00444741 0.000418078 0.0215862 0.93911
5 3.21124e-05 9.52437e-06 7.78025e-05 0.00819563 0.980708 5.38103e-05 0.010309 2.02314e-05 0.000213699 0.000380308
4 0.984435 0.000305874 0.00618192 0.00196591 0.0013414 0.000576214 0.00319859 0.000321167 0.00054136 0.00113259
1 0.000331912 0.000815881 0.000637334 0.000273908 0.000296701 0.425876 0.00431952 0.461626 0.000460822 0.105363
6 0.00221614 0.00191053 0.753729 0.00671582 0.00623672 0.0578883 0.12471 0.0248665 0.002221 0.0195066
4 0.423329 0.0580896 0.268028 0.0224469 0.00698751 0.0219596 0.0280382 0.00513072 0.139491 0.026499
4 0.906571 0.000592364 0.0175407 0.00270293 0.00132202 0.0160731 0.0192578 0.0221914 0.000694178 0.0130542
8 0.249791 0.0213068 0.224592 0.0119658 0.00464887 0.259166 0.0635612 0.0496324 0.0139666 0.101369
7 6.14619e-05 0.0451238 0.00114536 0.000895092 0.000217365 0.00331703 0.000558148 6.54163e-05 0.935451 0.0131656
6 1.35757e-05 8.31807e-06 0.993585 0.00256433 0.000456802 0.000353729 0.00259061 0.000147816 3.85463e-05 0.000241321
4 0.358669 0.0156527 0.0474739 0.0178502 0.0295707 0.135206 0.348094 0.0183628 0.00889384 0.0202266
3 0.00802581 8.16561e-05 0.0135519 0.947642 0.00457298 0.000301651 0.0214432 4.88804e-05 0.00418344 0.000148926
1 0.00459227 0.00106233 0.020384 0.00444365 0.00442105 0.0261171 0.0322784 0.84498 0.000982331 0.0607392
8 4.95515e-05 0.000369143 0.00165778 0.000190404 0.000103721 0.948655 0.0389139 0.00189405 0.00157939 0.0065868
0 2.68629e-05 1.24645e-05 0.00154841 0.000615665 0.0053692 0.00010127 0.99201 2.28688e-05 8.06865e-05 0.000212858
1 0.00965497 0.000686637 0.00661393 0.00316424 0.00337453 0.233351 0.0168224 0.685416 0.000687588 0.040229
6 0.00159513 0.080605 0.664947 0.00782746 0.00139562 0.0588019 0.0190519 0.00183031 0.141282 0.0226629
9 0.000463018 0.443608 0.00381791 0.00152158 0.000516716 0.198222 0.0026666 0.00294803 0.0494845 0.296751
9 6.70188e-06 0.865462 0.00235545 0.000185124 0.000114265 0.00170686 0.000355154 7.82153e-05 0.125747 0.00398943
9 0.000462298 0.677191 0.239597 0.000659829 0.000381897 0.0379478 0.00230173 0.000719276 0.0320226 0.00871663
5 5.49211e-05 5.01044e-05 0.000192408 0.00334093 0.935302 2.66102e-05 0.0606483 1.68179e-05 0.000300198 6.82239e-05
7 0.000102846 0.000800041 0.00160506 0.00814073 0.00103807 8.14757e-05 5.49553e-05 2.19846e-06 0.988125 4.98592e-05
1 0.00342009 0.00190069 0.00282745 0.00608772 0.0137231 0.0249858 0.0614836 0.61236 0.00122046 0.271991
0 0.00953886 0.0388572 0.0743283 0.203977 0.164697 0.0466351 0.234634 0.00658579 0.159029 0.0617179
0 3.84697e-05 1.87331e-05 0.00638396 0.000467154 7.13338e-05 0.0452541 0.944805 0.000285832 0.00022354 0.00245176
7 0.00250852 0.0143143 0.00547015 0.33761 0.00764398 0.00073687 0.00134378 0.000270935 0.6201 0.0100012
9 0.000683289 0.342488 0.284377 0.00262967 0.000794089 0.0240236 0.0110547 0.000880971 0.323994 0.00907519
1 0.0122712 0.00578037 0.135269 0.0124454 0.0074698 0.264468 0.150633 0.365446 0.00533508 0.0408823
9 1.94301e-05 0.992029 0.00109366 4.17416e-05 1.64798e-05 0.00282683 9.42369e-05 0.000178898 0.0014698 0.00222987
0 0.0293854 0.000606502 0.0275894 0.0977435 0.0250233 0.00251283 0.79214 0.016063 0.00112395 0.00781158
2 0.00016542 0.0395737 0.00090007 0.00475523 0.00772718 0.0163018 0.00590952 0.00363221 0.0501455 0.870889
8 0.000272424 0.000907848 0.00377926 0.00028542 6.94829e-05 0.96079 0.00985941 0.00810418 0.00127185 0.0146603
5 7.12272e-05 4.0485e-05 0.000134196 0.01398 0.980938 4.76949e-05 0.00420465 1.85564e-05 0.000282298 0.000283352
4 0.947357 0.00061987 0.0143102 0.00761961 0.0182619 0.000505861 0.00785711 0.00113091 0.000583933 0.00175357
1 0.0200469 0.0147548 0.0493162 0.0189371 0.0131404 0.0298473 0.097837 0.377222 0.00649727 0.372401
4 0.968514 0.000605065 0.0107151 0.00440859 0.00515814 0.000590283 0.00476929 0.00157039 0.000461047 0.00320854
1 0.00282977 0.000403646 0.00115758 0.00117056 0.00134754 0.0253899 0.0184512 0.895995 0.000346971 0.0529074
9 0.0001323 0.971815 0.00909571 0.000287119 0.000202261 0.00397464 0.00101286 0.000228115 0.0109729 0.00227927
3 5.99727e-05 1.99348e-05 0.000921674 0.97265 0.0156323 7.34959e-05 0.00748886 1.39625e-05 0.00296597 0.00017393
6 2.48797e-05 1.39342e-05 0.961065 0.00377685 0.000981921 0.00123523 0.0320405 0.00015337 0.000304656 0.000404145
7 4.97709e-05 0.00154784 0.000301385 0.0168913 0.0078807 0.000135125 0.000226703 2.90559e-05 0.97282 0.000117797
2 2.52206e-05 0.0038011 0.000248667 0.00101362 0.000748574 0.00715452 0.00254736 0.000768384 0.0231781 0.960514
2 0.000578669 0.141982 0.00295282 0.00104877 0.000551014 0.207758 0.00462473 0.00580538 0.0294863 0.605212
3 0.000539231 0.00289523 0.0102109 0.7069 0.206819 0.000596405 0.0304566 0.000310914 0.0389338 0.00233761
5 4.50351e-05 1.27596e-05 9.55682e-05 0.00909747 0.980258 1.25763e-05 0.0100471 1.15394e-05 0.000292374 0.000127466
5 4.03533e-05 2.55161e-05 8.5357e-05 0.0075633 0.980132 1.83601e-05 0.0113115 2.92463e-05 0.000379317 0.000415238
8 0.00238109 0.000556857 0.00548173 0.00115946 0.000779944 0.851655 0.0561042 0.0694229 0.000603916 0.0118546
7 0.000242727 0.00177364 0.000491005 0.043991 0.136518 0.000531325 0.0048968 0.00033564 0.772706 0.0385134
2 5.92085e-05 0.000753993 0.000160766 0.00101251 0.00109381 0.0176336 0.00457965 0.00137361 0.00498185 0.968351
7 3.65541e-06 6.00063e-05 0.000394628 0.000478914 3.21297e-05 0.000219872 1.61177e-05 2.38254e-06 0.998717 7.48386e-05
3 0.000657897 0.000554204 0.00422992 0.958716 0.0204945 0.000935895 0.00392703 7.27579e-05 0.00847642 0.00193513
2 0.00634429 0.0767346 0.0105026 0.271462 0.151383 0.012893 0.0225429 0.0101605 0.145466 0.292511
5 3.00667e-05 7.38848e-05 0.00126577 0.0113039 0.955673 0.000496011 0.0269723 0.000194503 0.00122959 0.00276109
5 3.19076e-05 1.48396e-05 0.000714275 0.00131599 0.873451 4.67483e-05 0.124286 1.16969e-05 9.15417e-05 3.60395e-05
8 1.43712e-05 0.00448621 0.00116601 7.0689e-05 2.14139e-05 0.865683 0.00210091 0.00574562 0.00400354 0.116708
1 0.000610023 0.000204368 0.000868068 0.000317945 0.000609357 0.162346 0.00618146 0.798624 0.000156519 0.0300821
6 0.00231549 0.265653 0.645937 0.0227177 0.00650689 0.00615408 0.0277679 0.0041028 0.0102083 0.00863673
1 0.00344989 0.00115859 0.0235871 0.00237536 0.00140558 0.126715 0.0524729 0.741203 0.00102296 0.0466103
8 2.40225e-05 0.000576813 0.000410227 3.58983e-05 2.61501e-05 0.887145 0.00450035 0.0731691 0.000692437 0.0334196
3 3.1194e-05 1.16699e-05 0.000411537 0.96497 0.0263561 4.6097e-05 0.00745114 4.59072e-05 0.000263537 0.000412492
3 0.0169192 0.000106205 0.0261149 0.916237 0.00424978 0.000655585 0.0345347 0.000265909 0.000466746 0.00044984
2 0.000317831 0.132156 0.00142845 0.000502794 0.000237442 0.0872283 0.00193632 0.00846915 0.0101601 0.757563
0 1.80596e-05 7.00973e-05 0.00597385 0.00195039 0.000844019 0.000417009 0.988992 0.0001108 0.000159971 0.00146398
2 0.000263961 0.0210203 0.000488906 0.000438158 0.000368096 0.264796 0.00201322 0.0182223 0.0049973 0.687391
0 0.00115996 0.000130591 0.00956529 0.00315578 0.064496 0.00886497 0.902808 0.00138479 0.00347445 0.00495967
3 0.000695549 0.00180409 0.00780048 0.878876 0.029624 0.000724369 0.0136059 0.000199467 0.0635648 0.00310545
7 0.000390952 0.00128806 0.00168472 0.0169891 0.00293232 0.000107617 8.03857e-05 9.82769e-06 0.976365 0.000151999
3 0.000793426 0.00170176 0.00848541 0.808865 0.00908932 0.00105424 0.0109693 0.000248058 0.156909 0.00188489
2 0.0209966 0.0864786 0.0635333 0.0124795 0.00181741 0.205962 0.0214065 0.069183 0.0223684 0.495775
5 0.000105609 2.43511e-05 0.000153725 0.0192432 0.966407 1.96514e-05 0.0134943 1.39279e-05 0.000437356 0.000100994
5 5.52301e-06 6.17783e-06 4.97942e-05 0.000812728 0.986451 2.2976e-05 0.0123589 1.7584e-05 3.68564e-05 0.000238615
9 0.000578525 0.581309 0.00203913 0.00423456 0.00074015 0.093245 0.0024114 0.00127118 0.10451 0.209661
7 0.000369182 0.0104909 0.00542903 0.00333625 0.000370174 0.0240806 0.00176632 0.000347208 0.925276 0.028534
5 0.000112454 3.23317e-05 0.00015852 0.0557023 0.939001 5.47361e-05 0.0031871 2.45719e-05 0.00114167 0.000585728
5 0.000815703 0.00151692 0.0059903 0.0347338 0.919435 0.00127742 0.0275683 0.00107198 0.00375106 0.00383998
7 0.0012674 0.0427749 0.00686588 0.0242058 0.0020375 0.131739 0.0183793 0.00173134 0.508964 0.262035
0 1.76771e-05 1.00897e-05 0.000416173 0.000149347 0.00294998 0.00041627 0.995764 1.9469e-05 5.12634e-05 0.000205789
6 7.16793e-05 3.99493e-05 0.979981 0.00253264 0.000479723 0.000910866 0.0153448 0.000410797 2.48206e-05 0.000203751
4 0.977446 0.00043368 0.0111347 0.00117903 0.00343842 0.000426989 0.00410852 0.000304295 0.000754639 0.000773278
0 0.000103758 5.51881e-05 0.140987 0.00195549 0.00139468 0.0140278 0.840562 7.83932e-05 0.000451742 0.000383545
6 0.00215279 0.285522 0.351037 0.00389198 0.00173088 0.0437965 0.00651002 0.00180782 0.288073 0.0154782
5 0.00106057 0.000126338 0.00453454 0.00577078 0.498767 0.000886238 0.488191 0.000173865 0.000312411 0.000177491
6 0.000132457 3.07644e-05 0.969205 0.0127878 0.00209149 0.000716656 0.0146208 0.000171087 8.26216e-05 0.000161449
5 8.60803e-05 3.75582e-05 0.00029062 0.0202263 0.958016 0.000180115 0.0191616 5.8745e-05 0.000812493 0.00113047
4 0.934076 0.000293192 0.0391566 0.0125644 0.000787083 0.000788998 0.0103365 0.000405333 0.000661015 0.000931373
2 6.82574e-05 0.00730735 0.000308216 0.00101147 0.000732623 0.034015 0.00409574 0.00209175 0.0168509 0.933519
9 8.14487e-06 0.992429 0.000761426 7.95397e-05 5.71445e-05 0.00120824 0.000208695 6.91908e-05 0.00400478 0.00117369
2 0.00148079 0.00728107 0.00359451 0.00495165 0.00291491 0.256554 0.123103 0.127736 0.0109942 0.46139
3 9.56643e-05 3.08153e-05 0.000439458 0.983507 0.00965441 5.14616e-05 0.00343209 1.87932e-05 0.00260515 0.000164705
0 0.006497 0.000326448 0.0187973 0.0897538 0.0543762 0.00222111 0.801344 0.0183103 0.000596355 0.007777
8 0.000296854 0.00110633 0.000828161 0.000222038 0.000233186 0.46806 0.00474941 0.45638 0.000367201 0.0677574
2 0.00020549 0.0193844 0.000513891 0.000545963 0.000493852 0.0484617 0.00264984 0.00957723 0.0064166 0.911751
7 1.8307e-05 0.00180802 0.0003826 0.0121376 0.00185922 0.000118202 0.00010065 6.49962e-06 0.983431 0.000138265
7 3.62314e-05 5.78604e-05 7.69566e-05 0.0161089 9.21006e-05 1.93018e-05 0.000134363 8.43971e-08 0.983458 1.64659e-05
6 0.422413 0.0152812 0.476894 0.00751853 0.00172641 0.00751848 0.010283 0.00140389 0.0519563 0.00500508
4 0.982656 0.000113997 0.011092 0.00173925 9.82808e-05 0.000525388 0.00185196 0.000963699 8.73373e-05 0.00087198
3 8.33637e-05 0.00017958 0.00308566 0.954215 0.015255 0.000864654 0.0102129 3.80079e-05 0.014679 0.00138731
1 0.00184551 0.000442329 0.00883228 0.00108852 0.000915495 0.0472555 0.017707 0.884127 0.000365953 0.0374204
6 0.219591 0.0342331 0.331424 0.0377958 0.00475471 0.0254849 0.0297114 0.00514128 0.271435 0.040428
9 6.73348e-06 0.979894 0.00247046 0.000224363 8.55592e-05 0.00180504 0.000480775 0.000272259 0.00826771 0.00649294
1 0.0304237 0.00915834 0.0992796 0.0100967 0.00861669 0.154744 0.27138 0.365301 0.00459356 0.0464063
6 1.53431e-05 0.00473708 0.932176 0.00102393 3.11613e-05 0.0034325 0.00256033 2.98108e-05 0.0555317 0.000461723
9 0.0012262 0.530116 0.381196 0.00808669 0.00296581 0.0124184 0.0306074 0.00521779 0.0147273 0.013438
5 0.000255246 5.44101e-05 0.00017277 0.0389172 0.948666 3.41156e-05 0.00433027 2.23344e-05 0.00729701 0.000250663
5 3.65652e-05 1.41907e-05 0.000747696 0.00176009 0.88577 0.000106782 0.111237 8.73312e-06 0.000298791 2.01477e-05
3 0.00172712 0.00462215 0.00474415 0.906531 0.0315602 0.00081703 0.00761667 0.000652116 0.0299665 0.0117632
6 0.0171428 0.0284871 0.537906 0.121774 0.0314037 0.00513765 0.014667 0.002282 0.233575 0.00762548
4 0.905059 0.000814116 0.0439061 0.0049278 0.000613074 0.00817627 0.0251118 0.0049774 0.000795459 0.00561854
3 4.34103e-06 2.50587e-06 0.000178008 0.993511 0.0033352 5.89964e-06 0.00141117 9.01677e-07 0.00154055 1.05384e-05
8 0.000175235 0.000485729 0.00095606 0.000170827 0.000138843 0.713414 0.00767531 0.240752 0.000444683 0.0357875
7 0.000235763 0.00394582 0.00286417 0.00291912 0.00424276 0.0210374 0.132422 0.000522273 0.81873 0.0130801
9 8.4297e-05 0.972724 0.00150206 0.000146565 0.000101064 0.00840696 0.000879126 0.000765847 0.00418064 0.0112098
6 0.00022711 6.16116e-05 0.942758 0.0160991 0.00473414 0.00076069 0.034603 0.000317135 0.000142276 0.000297151
1 0.000821029 0.00323602 0.0044385 0.000538972 0.000546868 0.170566 0.0123899 0.729189 0.000969279 0.0773042
8 0.000156812 0.000210943 0.00162254 0.000296315 0.000122784 0.942839 0.0374956 0.010223 0.000372226 0.00666064
7 4.32401e-08 1.61326e-07 9.4911e-08 2.07215e-07 1.3974e-07 3.44012e-08 5.08738e-08 2.49197e-08 0.999999 5.11033e-07
4 0.978438 0.00024191 0.00518859 0.00087099 0.00458579 0.000406096 0.0089969 0.000229642 0.000461705 0.000580037
8 0.00012526 0.00035348 0.000956638 0.000140162 8.40402e-05 0.946175 0.0132116 0.0286187 0.000329391 0.0100058
5 0.000276592 0.000387435 0.0135239 0.118583 0.839103 0.000448984 0.0213103 0.000214525 0.00564161 0.000511019
2 0.000127758 0.0435689 0.00191878 0.00755501 0.00151068 0.0251865 0.00461372 0.00140877 0.0706691 0.843441
7 0.000220091 0.00269101 0.019203 0.0286244 0.000316456 0.00196635 0.000954913 3.03685e-05 0.944245 0.00174876
2 0.00016623 0.00342109 0.000430476 0.000725142 0.000378988 0.0126563 0.016083 0.382573 0.0004741 0.583091
7 0.000200877 0.00921199 0.00120013 0.0626384 0.0169395 0.000358855 0.000605326 0.000168171 0.907575 0.00110215
3 0.00550361 0.00097792 0.0060175 0.92372 0.016977 0.00115699 0.0223478 0.000349124 0.0213017 0.00164858
4 0.988754 0.000300853 0.00454519 0.000271374 0.000245505 0.000996126 0.00241478 0.000981785 0.000119498 0.00137081
8 0.00358057 0.00939705 0.00936833 0.0066288 0.00388234 0.336823 0.23406 0.0994543 0.013507 0.283298
8 0.000447578 0.00193522 0.00198911 0.000681894 0.000467796 0.472102 0.00954408 0.371832 0.00131478 0.139686
9 8.95332e-05 0.961943 0.00116593 0.000124965 8.93718e-05 0.00796776 0.000502194 0.000933769 0.00569831 0.0214856
4 0.382386 0.11016 0.102088 0.0163884 0.0153617 0.108721 0.161918 0.0105034 0.0581159 0.0343587
6 0.000109843 0.0014703 0.983914 0.004492 0.000144789 0.00122147 0.00505922 5.52785e-05 0.00327617 0.000256435
6 0.00231916 0.00733024 0.958517 0.00279341 9.17738e-05 0.00788694 0.00152732 0.000144359 0.0177148 0.00167531
0 0.000196639 0.00208346 0.00238109 0.00190393 0.0117854 0.0121692 0.522597 0.000585077 0.428558 0.0177401
9 0.000277252 0.948294 0.00731106 0.00530187 0.00239367 0.0021788 0.00325107 0.000634201 0.02012 0.0102381
7 4.27788e-05 0.000785939 0.000811483 0.000482059 9.09635e-05 0.00125754 0.000157861 1.37183e-05 0.99603 0.000327947
4 0.676507 0.0153838 0.0402654 0.00818639 0.00232348 0.052556 0.0132298 0.0346518 0.00739693 0.1495
6 8.60173e-05 5.66615e-05 0.97562 0.00285013 0.000618776 0.000696794 0.0196798 0.000125485 0.000103317 0.000162612
1 0.000461171 0.00093208 0.0129557 0.000739714 0.000489341 0.219137 0.0408343 0.692631 0.000366824 0.0314524
8 7.18575e-05 0.000943992 0.00366661 0.000188969 4.43351e-05 0.963802 0.00944845 0.00499175 0.00159872 0.0152437
6 0.00453576 0.0139049 0.634672 0.00908193 0.0314242 0.041891 0.158478 0.0824192 0.00444209 0.0191504
4 0.713574 0.00403872 0.14768 0.00891048 0.00548566 0.0111851 0.093169 0.00686251 0.00460274 0.00449187
1 0.00155453 0.000293305 0.00538581 0.000753111 0.000799109 0.0231859 0.00885189 0.922898 0.00023428 0.0360437
1 0.0013323 0.000760799 0.00813372 0.00795914 0.00144968 0.0134218 0.0427877 0.853028 0.000647065 0.0704795
9 6.09849e-06 0.994173 0.000701852 3.94651e-05 1.625e-05 0.00155811 0.000100639 0.000140627 0.00124977 0.00201444
3 1.08102e-05 5.09155e-06 0.000291944 0.978739 0.0158783 6.79917e-05 0.00407894 3.52245e-06 0.000800055 0.000124789
7 4.08844e-07 2.8917e-06 7.83141e-06 0.00108107 0.000178679 1.37928e-05 1.73901e-06 3.13007e-07 0.998696 1.68627e-05
3 0.000125558 0.00185347 0.00273538 0.590696 0.0339048 0.000282162 0.00564601 6.17193e-05 0.363552 0.00114248
0 0.000200995 0.000101863 0.00224259 0.00154637 0.436265 0.00111507 0.55772 6.81228e-05 0.000614779 0.000125205
9 0.00219938 0.38399 0.0349007 0.167723 0.0785755 0.0354158 0.0234661 0.00613101 0.205103 0.0624955
0 0.00284685 0.000153359 0.00452118 0.00049796 0.000350254 0.416001 0.553289 0.00731862 0.000648353 0.0143738
1 0.00116223 0.00748183 0.0198666 0.0019797 0.00260462 0.214074 0.160949 0.476983 0.00289443 0.112004
4 0.509351 0.0138481 0.0663416 0.027463 0.00539544 0.0671458 0.0320915 0.0722694 0.0126122 0.193482
3 0.00946859 0.0116927 0.0354067 0.513138 0.161653 0.0027069 0.0724376 0.00168044 0.180758 0.0110583
8 0.0362997 0.256131 0.0772894 0.011774 0.00489446 0.306708 0.0298311 0.029385 0.0570965 0.190591
9 6.88697e-05 0.946765 0.0281231 0.000447401 0.000271573 0.00244322 0.000945709 8.28481e-05 0.0196048 0.00124721
3 0.00481619 0.00924975 0.0106945 0.806491 0.0384705 0.000624838 0.00263693 0.000253718 0.121771 0.00499128
4 0.506148 0.0252022 0.141212 0.00974603 0.00678766 0.157778 0.0707905 0.04125 0.00896879 0.0321168
3 0.00729833 0.000276511 0.0255155 0.916615 0.0182484 0.000700479 0.0295961 0.000488998 0.000384632 0.00087555
0 0.00550595 0.000263613 0.0145094 0.00617831 0.176431 0.0115078 0.768973 0.00375743 0.00327813 0.00959521
0 0.0001506 2.08192e-05 0.00106703 0.00183796 0.00106703 0.00483337 0.988926 0.000340696 0.000251434 0.00150515
1 0.00396927 0.00990018 0.0213256 0.00243889 0.00285017 0.0981034 0.0681881 0.537703 0.0041595 0.251362
1 0.00225849 0.014736 0.0800995 0.00395779 0.00379005 0.298141 0.193441 0.334355 0.00483955 0.0643807
