labels 0 5 4 2 1 3
0 0.566301 0.00516223 0.0166649 0.0419542 0.362214 0.00770363
5 0.0154585 0.549658 0.146503 0.0447349 0.0384946 0.205151
0 0.541091 0.00569416 0.0186714 0.0472943 0.378867 0.00838233
0 0.529336 0.00713092 0.0240048 0.0463896 0.38118 0.0119586
0 0.543959 0.00596732 0.0222198 0.0502249 0.369199 0.00843001
1 0.445817 0.0110858 0.0223173 0.0397264 0.465736 0.0153169
0 0.667079 0.00463359 0.0154248 0.0462962 0.257323 0.00924315
0 0.555317 0.00493993 0.0161873 0.0568832 0.357136 0.00953696
5 0.0152785 0.556148 0.14422 0.0445145 0.0449412 0.194898
0 0.647532 0.00530667 0.0190433 0.048359 0.270621 0.00913834
1 0.0719491 0.201497 0.0450848 0.0430133 0.561554 0.0769013
5 0.0145889 0.528202 0.163758 0.045444 0.0476664 0.20034
5 0.0146876 0.548436 0.145947 0.0452741 0.0453423 0.200312
0 0.559037 0.00994274 0.0345585 0.0562296 0.326127 0.0141054
5 0.0409039 0.37627 0.159012 0.0863419 0.146544 0.190928
5 0.0234858 0.346879 0.163752 0.067318 0.219173 0.179392
0 0.59567 0.00668336 0.0258014 0.0538839 0.305328 0.012634
0 0.539762 0.010325 0.0316168 0.0515559 0.351903 0.014838
0 0.474976 0.0249862 0.0550544 0.0504035 0.358876 0.0357034
0 0.524096 0.0124331 0.0462239 0.0497987 0.352183 0.0152654
0 0.61463 0.00801045 0.0390261 0.0524897 0.273833 0.01201
0 0.520978 0.00776779 0.024008 0.0514463 0.384871 0.010929
5 0.0145939 0.519157 0.169315 0.0464048 0.048237 0.202292
1 0.039521 0.130274 0.0674473 0.0458893 0.590647 0.126221
0 0.580641 0.00715895 0.022887 0.0503537 0.325482 0.0134769
0 0.514456 0.00450651 0.0122205 0.0379409 0.424847 0.00602967
0 0.607672 0.00391638 0.0134949 0.0470879 0.319589 0.00824069
0 0.626135 0.00982405 0.0233686 0.0365585 0.285841 0.0182733
0 0.498583 0.0133049 0.0228642 0.0463068 0.40205 0.0168916
0 0.604135 0.00685508 0.0330038 0.0514804 0.29332 0.0112051
1 0.217527 0.0732669 0.141062 0.0748307 0.403065 0.0902479
0 0.427478 0.0201176 0.0656102 0.0532824 0.407336 0.0261762
1 0.355347 0.0185902 0.036483 0.0489585 0.522857 0.0177639
5 0.0149804 0.529403 0.161903 0.0458512 0.0491498 0.198712
0 0.706323 0.00476477 0.0132064 0.0351542 0.231174 0.00937777
1 0.371406 0.0127565 0.035921 0.0924705 0.468965 0.0184809
0 0.576396 0.0114917 0.0423002 0.0442716 0.31261 0.0129309
1 0.148639 0.061081 0.0974646 0.0786402 0.487888 0.126288
0 0.551767 0.0114006 0.0417399 0.057235 0.321732 0.0161255
5 0.170676 0.307315 0.124879 0.108221 0.132077 0.156832
1 0.148969 0.0941753 0.15166 0.0759442 0.430383 0.0988681
0 0.56509 0.00845846 0.0296093 0.0510141 0.332027 0.0138015
0 0.661675 0.00407677 0.0132344 0.04677 0.266014 0.00822985
1 0.0697328 0.123439 0.13477 0.0765378 0.485436 0.110085
0 0.555365 0.00881972 0.024478 0.0450426 0.352797 0.0134973
0 0.66966 0.00380996 0.0139343 0.0469468 0.257579 0.00806996
5 0.0208204 0.40698 0.160958 0.0506686 0.192358 0.168214
0 0.710365 0.00517578 0.0227467 0.0531362 0.198252 0.0103251
1 0.0731053 0.0878575 0.104167 0.0790626 0.546101 0.109707
0 0.553281 0.00624889 0.02299 0.0489976 0.359209 0.00927265
5 0.0207169 0.594505 0.10907 0.0497106 0.0351159 0.190882
0 0.608545 0.00393843 0.0133024 0.0478716 0.317992 0.00835057
0 0.490894 0.010584 0.0271275 0.047404 0.411902 0.0120888
5 0.0212245 0.596199 0.107971 0.049518 0.0349949 0.190093
0 0.630532 0.00756729 0.0325367 0.0481594 0.269506 0.0116991
0 0.467787 0.00648562 0.0180176 0.0477649 0.451016 0.0089293
0 0.525764 0.0064552 0.0151535 0.0414352 0.40114 0.0100526
1 0.463819 0.0049497 0.0138692 0.043944 0.466645 0.00677378
0 0.506791 0.00974799 0.0219017 0.0428284 0.405189 0.0135422
0 0.55239 0.0107033 0.0341611 0.0506341 0.338023 0.0140882
0 0.574697 0.00534487 0.0154349 0.0451205 0.350792 0.00861057
5 0.0156314 0.554644 0.139227 0.044165 0.0404941 0.205838
0 0.50521 0.0148684 0.0556422 0.0523556 0.353588 0.0183362
0 0.583661 0.00886707 0.0379426 0.0541096 0.302236 0.013184
0 0.549056 0.0133359 0.0278485 0.0480021 0.339879 0.0218785
0 0.657126 0.00738491 0.0230727 0.0457446 0.253603 0.0130688
5 0.0153365 0.559896 0.139925 0.0453859 0.0421264 0.19733
1 0.0376327 0.127533 0.0871808 0.0397796 0.638505 0.0693691
0 0.465397 0.00644483 0.0168159 0.0456141 0.456364 0.00936402
5 0.0164916 0.568321 0.133888 0.0427079 0.0397201 0.198871
0 0.537096 0.0102532 0.0328567 0.0479689 0.358201 0.0136242
5 0.0271785 0.516323 0.130929 0.0601638 0.0607531 0.204653
0 0.533858 0.0098711 0.0311018 0.0443034 0.366696 0.01417
0 0.563168 0.0103107 0.0334661 0.0494332 0.328062 0.0155596
1 0.248236 0.0570583 0.150958 0.08211 0.38159 0.0800473
0 0.570647 0.00973353 0.0279637 0.0471573 0.329923 0.0145755
0 0.710999 0.00575493 0.0202555 0.0477482 0.205431 0.00981196
0 0.576393 0.01084 0.0267973 0.0468176 0.322715 0.0164368
0 0.455665 0.0240016 0.0888855 0.0590538 0.338048 0.0343471
1 0.0360626 0.223894 0.14977 0.0685937 0.352278 0.169402
1 0.403138 0.0077046 0.0229925 0.0473527 0.50946 0.00935194
0 0.590316 0.00664452 0.0219404 0.0541897 0.314372 0.0125373
0 0.70866 0.00627696 0.0190457 0.0441604 0.211919 0.00993799
0 0.55662 0.011425 0.0321286 0.0496381 0.336167 0.0140212
1 0.0757777 0.087709 0.102362 0.0797011 0.544462 0.109988
1 0.0309811 0.221162 0.163189 0.0821059 0.320481 0.182081
