labels 4 9 6 3 5 8 0 1 7 2
5 5.66573e-05 1.45782e-05 3.59148e-05 0.00291364 0.993788 1.90806e-05 0.00285101 4.72659e-05 0.000220105 5.37117e-05
1 0.00117744 0.00112176 0.00120333 0.00047099 0.000408473 0.00791719 0.00900984 0.883147 0.00019982 0.0953446
4 0.972064 0.000193078 0.01899 0.00410669 0.0007784 0.000408034 0.0026932 5.48194e-05 0.000503733 0.000208447
8 0.00010353 3.32759e-05 0.00027792 3.54666e-05 2.35757e-05 0.985632 0.0078555 0.00505103 6.63158e-05 0.000921611
1 0.00212966 0.00202888 0.00273897 0.0014647 0.00129168 0.365674 0.00655299 0.494651 0.00127208 0.122196
3 3.54416e-06 2.81456e-06 4.33966e-06 0.995186 0.00353526 1.36739e-05 0.000548935 1.75883e-06 0.000695831 7.72641e-06
5 1.33326e-05 4.63926e-06 7.28028e-05 0.00168265 0.992611 4.15995e-05 0.00542373 2.13068e-05 0.000109677 1.8945e-05
0 6.68958e-06 2.4435e-06 0.00107637 0.000331165 6.47837e-05 6.9349e-05 0.998416 7.65697e-06 2.19261e-05 3.1414e-06
3 6.82362e-06 1.40063e-06 1.28772e-05 0.99289 0.000564693 1.29483e-05 0.000383288 8.62772e-07 0.00612226 4.73538e-06
1 0.000839049 0.000238405 0.000408396 0.00067411 0.000307849 0.000880926 0.00887042 0.956661 0.000175754 0.0309441
0 5.19793e-05 5.51908e-05 0.000914562 0.00029596 0.00886242 0.00256666 0.982402 0.00107139 0.000609381 0.00317032
1 0.00111322 0.00087153 0.00186716 0.000883427 0.000450734 0.0177574 0.03957 0.873988 0.000651486 0.0628472
1 0.000343275 0.000434061 0.000326685 0.000224501 0.000224979 0.0456758 0.0012516 0.923029 0.000251293 0.0282392
0 0.00124527 0.00197714 0.240733 0.00200518 0.00446125 0.0261007 0.64957 0.0596807 0.00110791 0.0131193
7 0.000144833 0.00048334 0.000249878 0.0282702 0.0407941 0.000242861 0.00141044 0.000177008 0.922897 0.00532993
8 0.00189196 0.00245311 0.0174203 0.00111722 0.00107674 0.853131 0.0412012 0.0337526 0.00507344 0.0428822
7 0.000733242 0.061868 0.0126226 0.00165469 0.00111078 0.0229635 0.00354986 0.000854734 0.891295 0.00334784
6 4.16071e-05 2.19122e-05 0.984742 0.00123614 0.0011336 0.000115839 0.0125361 5.25068e-05 0.000111782 8.77727e-06
9 9.72282e-05 0.983288 0.000569987 0.000269106 0.000165427 0.00568462 0.00198864 0.000331526 0.00136881 0.00623711
0 0.00109002 2.33184e-05 0.00459175 0.00236339 0.06361 0.000101621 0.927536 0.000184519 0.00018536 0.00031374
8 4.27516e-06 4.38906e-06 5.30445e-06 2.76849e-06 2.36177e-06 0.995205 0.00095903 0.00256265 1.34614e-05 0.00124026
3 2.58293e-05 1.47807e-06 0.000250039 0.998676 0.000772247 4.1996e-06 0.00020206 2.55989e-06 6.38905e-05 2.15255e-06
9 7.0422e-05 0.922729 0.0307149 0.000423447 0.000131293 0.0059215 0.00272864 0.000255837 0.0212122 0.015813
4 0.990193 7.96091e-05 0.006049 0.000500853 0.000566526 0.000183943 0.000957697 0.000211311 0.000441725 0.000816767
7 5.35811e-05 0.000149177 0.00011277 0.0228972 0.026704 0.000250327 8.34405e-05 8.7563e-05 0.949224 0.000437561
4 0.981784 0.000167892 0.0079319 0.00129014 0.0044701 0.000248835 0.00259692 0.000161303 0.00113287 0.000215915
7 3.29691e-07 8.9716e-06 3.42851e-06 0.000932416 5.86265e-06 2.13798e-05 9.35831e-07 1.10244e-06 0.999021 4.38709e-06
8 0.000150201 3.61783e-05 0.000100416 2.37914e-05 3.22923e-05 0.908324 0.0889248 0.000907587 0.000159494 0.00134124
7 0.000130213 0.0059202 0.000583079 0.00597764 0.000815731 0.00111695 0.000901293 9.72234e-05 0.983272 0.00118555
4 0.988527 4.61449e-05 0.000526433 0.000256309 0.000347423 0.000627175 0.0064005 0.00129684 0.000116246 0.00185627
7 6.35344e-06 0.000892935 8.4582e-05 0.00727989 0.000684467 9.96844e-05 2.878e-05 3.32302e-05 0.990836 5.43186e-05
9 0.00054635 0.911386 0.0116519 0.00182085 0.000506535 0.0150024 0.00222808 0.000585117 0.0479887 0.00828397
2 0.00044865 0.000608127 0.000690368 0.000396124 0.000152043 0.0166344 0.00666384 0.265186 0.00018299 0.709037
7 1.39984e-06 8.22099e-05 1.40513e-05 4.37323e-05 2.10026e-06 0.000402227 4.25442e-06 3.2296e-06 0.999366 8.12571e-05
6 0.000150626 8.31338e-06 0.843233 0.00584296 0.00288509 0.000261665 0.147169 0.000102438 0.0003318 1.5344e-05
7 1.95663e-05 0.000156157 0.000872853 0.00917641 4.40443e-05 0.000261023 7.8221e-05 6.41005e-06 0.989301 8.4743e-05
4 0.994866 7.86328e-05 0.000534458 0.000174038 0.000192774 0.00055083 0.00167174 0.000462492 0.000110475 0.00135862
2 4.372e-05 0.000424099 0.000125939 0.000121107 5.37713e-05 0.0114263 0.00123286 0.245144 0.000138211 0.74129
1 0.00373685 0.00177871 0.00215853 0.00300874 0.00172328 0.00482292 0.0502714 0.728905 0.0010553 0.202539
4 0.84371 0.00157008 0.124811 0.00708643 0.00329637 0.00213378 0.00734476 0.000111061 0.00954799 0.000388785
7 0.000195345 8.84776e-05 0.000249796 0.241129 0.0250785 3.26477e-05 7.92328e-05 8.41936e-06 0.733128 1.00582e-05
8 7.00712e-08 1.59926e-07 1.84394e-07 7.76107e-08 5.99276e-08 0.999614 2.8731e-05 5.37778e-05 0.000105867 0.00019742
0 0.00412176 4.11342e-05 0.00462953 0.0471141 0.0366139 4.06394e-05 0.907067 0.000173801 0.000128484 6.99171e-05
3 0.000122086 0.000136616 0.000678121 0.866599 0.0245868 0.000125592 0.00352618 8.71597e-05 0.102994 0.00114451
4 0.871147 0.011848 0.102892 0.00351121 0.000255829 0.00159995 0.00205447 0.000212553 0.00604309 0.000436659
9 0.000554224 0.889439 0.00264562 0.00596839 0.000895739 0.0128781 0.00995188 0.00159724 0.00438885 0.0716813
3 0.000145441 3.96094e-05 0.00154716 0.947645 0.00877499 0.000157544 0.0412621 7.87287e-05 0.000294823 5.47628e-05
6 0.000817083 0.00394195 0.842503 0.00197316 0.00080718 0.017527 0.0480939 0.00732896 0.0715955 0.00541224
7 0.0026258 0.0526283 0.00536431 0.0303717 0.00630006 0.0968401 0.0152713 0.00362202 0.578301 0.208676
3 5.60233e-06 3.59023e-06 5.62538e-06 0.994612 0.00439428 2.13665e-05 0.000455776 4.99738e-06 0.000408889 8.78884e-05
5 9.16022e-06 6.63129e-06 1.05764e-05 0.000471944 0.99838 8.45584e-06 0.000725311 1.10565e-05 0.000363622 1.30576e-05
6 5.3086e-06 3.6641e-06 0.993997 0.000171759 2.96524e-05 0.000573105 0.00507661 8.88177e-05 4.36423e-05 1.0621e-05
0 2.22701e-05 4.23221e-06 0.000841588 0.000312639 7.0778e-05 1.9147e-05 0.998103 1.462e-06 0.000623984 4.6797e-07
6 0.00028725 1.51111e-05 0.842874 0.000662778 0.000487238 0.0011832 0.154166 0.000198568 8.15684e-05 4.39923e-05
8 0.00576455 0.00302761 0.0468986 0.00741992 0.00426421 0.434308 0.176482 0.302886 0.00228534 0.0166624
1 0.0134148 0.00241728 0.00920369 0.00299709 0.00274431 0.00334978 0.0196324 0.865407 0.00110572 0.0797277
6 1.07975e-05 7.47679e-06 0.991375 0.000503113 0.000369269 0.000246823 0.00709324 0.000155936 0.000160184 7.84612e-05
8 7.99182e-05 1.19807e-05 0.000184907 4.65344e-06 7.18927e-06 0.992957 0.00522899 0.00112459 3.78532e-05 0.000362434
3 0.00481345 0.000169258 0.00646068 0.963032 0.00152037 6.03584e-05 0.000323495 1.41667e-05 0.023536 7.03823e-05
3 0.000267544 1.6408e-05 0.000927019 0.988767 0.00797569 2.03732e-05 0.00173925 1.66495e-05 0.000250037 1.98193e-05
5 0.000409602 4.18935e-05 0.00191217 0.00195509 0.888211 4.51635e-05 0.107227 2.84053e-05 0.000160145 9.3513e-06
4 0.991023 0.000111586 0.00252578 0.00112447 0.00244524 0.00019127 0.00164785 0.000123607 0.000573338 0.000233675
1 0.000332971 0.000137156 0.0010123 0.000165552 0.000174488 0.00615927 0.00581556 0.945179 0.000106962 0.0409167
0 1.37144e-05 1.0983e-05 0.000666139 0.000300415 1.56044e-05 0.000149487 0.998672 3.77721e-05 9.25863e-05 4.0927e-05
3 7.1916e-05 0.000473278 0.0003514 0.794648 0.0147896 0.00217759 0.00116168 4.74523e-05 0.185668 0.000611278
3 9.23118e-05 0.000124381 0.00148347 0.926557 0.022419 0.00214972 0.0175052 0.000130574 0.0285424 0.000995557
1 0.00578818 0.000859603 0.00226533 0.00404151 0.00198234 0.00215577 0.019833 0.89118 0.000724672 0.0711699
9 7.15952e-05 0.953118 0.000229535 0.00017117 4.94986e-05 0.00347846 0.000179313 0.00101293 0.000683997 0.0410055
7 0.000122373 0.00212117 0.00891392 0.00118971 0.00015768 0.0124344 0.00022647 9.91336e-05 0.974193 0.00054231
0 0.000119476 0.000104885 0.0013158 0.000120582 0.00995411 0.00680109 0.980391 0.000134362 0.000863875 0.000194571
7 0.00602937 0.00785433 0.242262 0.166288 0.00148608 0.00682976 0.0144029 0.000750911 0.552298 0.00179915
9 7.59219e-05 0.992605 0.00178691 8.63047e-05 3.22784e-05 0.00343674 0.000297455 3.54399e-05 0.00129342 0.000350071
2 2.72528e-06 0.00324355 3.61858e-05 6.90596e-05 7.97685e-05 0.0293197 0.00148955 0.000317187 0.00386323 0.961579
7 4.21793e-09 1.84787e-08 9.45551e-09 3.18878e-08 1.08217e-08 5.45726e-09 5.80301e-09 3.28171e-09 0.999994 5.85562e-06
8 7.28534e-05 4.72583e-05 0.000211503 6.75395e-05 5.72149e-05 0.983552 0.00662302 0.00829546 0.000100682 0.000971988
5 3.93678e-05 4.42994e-05 9.49617e-05 0.00559764 0.982176 0.000128121 0.0108313 0.000144026 0.000466958 0.000477534
3 0.00279938 0.00974868 0.0673996 0.362584 0.338421 0.00892046 0.0315465 0.00249571 0.168602 0.00748264
7 0.000578434 0.00099819 0.000993987 0.15247 0.00857293 0.0181086 0.00657189 0.000653923 0.669155 0.141898
8 0.00169108 6.99005e-05 0.000176212 2.27618e-05 1.9582e-05 0.955598 0.00174069 0.0215721 3.1301e-05 0.0190787
1 0.015033 0.0256347 0.0164981 0.00531042 0.00566897 0.11476 0.0451806 0.66256 0.0075408 0.101813
1 6.93918e-05 0.00010687 0.000116686 8.64406e-05 6.13785e-05 0.00422411 0.00442752 0.976497 6.91741e-05 0.0143414
0 0.000203586 6.65167e-05 0.00668905 0.000623067 9.14192e-05 0.00508884 0.974622 0.0110107 0.000145518 0.00145893
9 0.000103644 0.825499 0.023442 0.000721439 0.000127064 0.0129939 0.00438707 0.00157049 0.00244616 0.128709
1 0.000594927 0.000357144 0.000287024 0.000316275 0.000411047 0.0172581 0.00473681 0.910307 0.000198519 0.0655333
8 0.000105157 9.44068e-05 0.00055539 0.00017688 0.000112389 0.940729 0.0568538 0.000221741 0.000899302 0.000252311
5 0.000324502 0.000104768 0.00344071 0.000936077 0.857308 0.000378958 0.137001 0.000372989 7.95166e-05 5.31857e-05
4 0.962307 0.000324714 0.00347695 0.000847895 0.000453234 0.00485182 0.00780709 0.0053656 0.00032964 0.0142362
6 0.000142524 0.013049 0.967354 0.000263138 9.69315e-05 0.00852268 0.00537338 0.000127963 0.00445653 0.000613973
7 1.38214e-05 0.000431171 0.000170379 0.00162779 5.9819e-05 0.000362049 2.27884e-05 3.12624e-05 0.997103 0.000177473
6 0.249457 0.0255669 0.321656 0.00586008 0.00132507 0.0785554 0.0238305 0.0128173 0.012426 0.268506
5 2.47465e-05 1.30167e-05 0.00018316 0.00821805 0.975919 0.000175517 0.0146822 2.31343e-05 0.00073283 2.82426e-05
3 0.000983809 0.000796569 0.0014341 0.945839 0.030027 0.000501857 0.00436836 0.000793814 0.00587069 0.00938444
1 0.00276583 0.000207633 0.000260246 0.000643297 0.000711663 0.00495289 0.0100693 0.943351 0.000133924 0.0369045
0 0.00062536 2.77443e-05 0.0199913 0.000109915 9.84406e-05 0.0731601 0.905061 0.000682901 0.000111399 0.0001318
6 0.00633007 0.0175501 0.358657 0.104164 0.257628 0.0207636 0.0877661 0.00656296 0.133047 0.00753154
7 0.000128693 0.0026386 0.00110022 0.000647538 0.000391045 0.00510234 0.000127276 8.12039e-05 0.989202 0.000580786
8 8.04807e-06 8.70327e-06 2.23996e-05 2.06763e-06 3.6278e-06 0.990683 0.00630927 0.00235375 2.43582e-05 0.000584412
1 0.000470625 0.00388278 0.00145084 0.00047041 0.0003348 0.0438183 0.0112444 0.771696 0.000666659 0.165965
9 0.00360752 0.947072 0.00286596 0.00131485 0.000305244 0.0165489 0.00316929 0.00197216 0.00220674 0.0209374
0 1.03228e-05 2.72036e-06 0.00356085 0.000334762 0.00114026 0.000249624 0.994205 0.000302725 1.70641e-05 0.000176748
2 0.00049572 0.00454216 0.00056371 0.000468454 0.000295803 0.0186814 0.0423343 0.307405 0.000583296 0.62463
2 2.30881e-06 0.00130151 3.02173e-05 0.000217392 0.000214563 0.00221004 0.00130569 0.000126987 0.00351975 0.991072
7 1.63159e-05 0.000102056 7.36293e-05 0.0338577 0.00383071 4.83493e-06 8.35176e-06 5.29094e-06 0.962095 6.21068e-06
2 0.00386296 0.0262864 0.0208256 0.062901 0.062527 0.0187755 0.044085 0.107501 0.0217133 0.631522
1 0.0766405 0.041633 0.0168724 0.0138591 0.0218785 0.0783136 0.056143 0.506703 0.0107557 0.177201
9 9.36992e-05 0.90764 0.00612028 0.000219005 4.67066e-05 0.0046446 0.00152303 0.00103187 0.000682573 0.0779981
1 0.00013753 0.000208635 0.00201336 0.000148012 0.000161393 0.0214157 0.012081 0.937406 0.000161649 0.0262665
8 2.69281e-05 0.00068339 3.6785e-05 1.02041e-05 9.52191e-06 0.824034 0.000337265 0.0757413 8.38685e-05 0.0990366
5 6.42778e-05 2.92093e-05 0.00019765 0.00183236 0.956576 4.16881e-05 0.0408612 1.40459e-05 0.000377488 5.8215e-06
7 3.45304e-08 1.42759e-07 6.64892e-08 2.51008e-07 8.79178e-08 4.25372e-08 5.09225e-08 2.63267e-08 0.999992 7.78666e-06
5 2.88841e-05 2.48364e-05 0.000204384 0.00029075 0.970463 6.82412e-05 0.0287383 3.9929e-05 0.000126822 1.52812e-05
1 0.00156556 0.000464771 0.000619149 0.00075048 0.000491919 0.00214094 0.0165648 0.937573 0.000309772 0.0395192
0 0.00010431 7.61276e-05 0.000451406 0.00682285 0.307885 0.000105887 0.684075 4.79732e-05 0.000229778 0.000202298
6 4.91488e-06 2.83468e-06 0.994534 0.000658801 0.000481495 4.80237e-05 0.00411584 2.96138e-05 0.000118101 6.66308e-06
0 0.000152075 2.78986e-05 0.000928021 0.00786989 0.260464 4.70538e-05 0.730253 1.65921e-05 0.000218725 2.29502e-05
5 4.28282e-06 4.83185e-06 2.74349e-05 0.000277193 0.997106 1.00049e-05 0.00250901 1.13673e-05 4.59884e-05 4.03723e-06
6 0.00250428 0.00053676 0.939295 0.00130066 0.000351254 0.00059178 0.00092948 3.39811e-05 0.0543559 0.000101305
4 0.93896 0.000567865 0.0104837 0.000594494 0.000248513 0.000762306 0.00340687 0.00313285 0.000298834 0.0415449
5 4.71449e-05 1.0246e-05 3.59651e-05 0.00450198 0.992642 6.21172e-05 0.00220885 0.000125379 0.000128478 0.000238074
1 0.000576494 0.000796144 0.00378174 0.000407327 0.000221515 0.279243 0.00403395 0.634171 0.000522127 0.0762463
2 0.0033482 0.00785785 0.00425186 0.00276294 0.00260671 0.367027 0.00751636 0.206838 0.00369338 0.394097
1 0.000632511 0.000472811 0.000502522 0.000553968 0.000386978 0.00327139 0.0234815 0.850023 0.000259107 0.120416
1 0.00168483 0.000559462 0.00640019 0.00117667 0.000958773 0.0162276 0.0201007 0.884329 0.000536993 0.0680258
6 1.19085e-05 2.26327e-05 0.789923 0.00024912 0.000305661 0.0017128 0.207426 0.000141915 0.000165422 4.12033e-05
3 5.2095e-06 2.45091e-06 1.18849e-05 0.981906 0.00597874 4.06727e-06 0.000477712 8.73643e-07 0.0116109 1.86003e-06
6 0.00020222 2.56778e-06 0.994792 0.0005901 0.000106344 0.000404287 0.0037479 0.000110566 2.27429e-05 2.07903e-05
4 0.932938 0.00046104 0.0212871 0.0283023 0.00331944 0.000944802 0.00915533 0.000571247 0.00093505 0.00208568
0 0.000141992 8.95692e-07 0.00157105 8.58388e-05 0.000102231 2.76373e-05 0.998039 1.83533e-05 5.76355e-06 7.19873e-06
2 3.21578e-06 0.00758475 4.38271e-05 4.40847e-05 5.85329e-05 0.00563744 0.000672973 0.000447707 0.000765627 0.984742
9 0.000112128 0.984269 0.00654931 8.14186e-05 1.89863e-05 0.00699849 0.000181078 5.35686e-05 0.000989579 0.000746599
5 1.67555e-05 6.28711e-06 0.000105394 0.00258208 0.995403 4.74514e-05 0.00163337 9.50179e-05 4.45885e-05 6.59906e-05
7 6.57933e-09 1.80952e-08 3.97266e-08 2.79186e-08 1.88374e-08 1.13838e-08 9.90798e-09 4.92328e-09 1 3.22127e-08
0 0.00759317 0.000483237 0.00453578 0.000748093 0.000323963 0.456173 0.493816 0.00784959 0.000582872 0.0278943
2 0.000161696 0.00131116 0.000304277 0.00255472 0.00552154 0.0963689 0.00628725 0.00297824 0.00591637 0.878596
4 0.990417 4.57544e-05 0.00567674 0.00085217 0.000708086 5.47403e-05 0.00124306 8.91032e-05 0.000692758 0.000220266
1 0.00149191 0.000756326 0.000907125 0.000658878 0.000659982 0.114406 0.00841303 0.828508 0.000524223 0.0436746
6 0.000104572 0.00349366 0.961021 0.00460431 0.0006087 0.00123462 0.00393544 3.71745e-05 0.0248605 9.97635e-05
3 2.20856e-05 6.92045e-06 0.00042205 0.996312 0.0016627 3.06257e-05 0.00110146 4.4363e-06 0.000430322 7.18059e-06
9 0.000108894 0.785789 0.00430898 0.000545086 0.000382544 0.00949231 0.0125524 0.00323597 0.00252717 0.181058
9 0.00177429 0.580289 0.00443262 0.000644371 0.000238966 0.228466 0.00406498 0.00396327 0.00270431 0.173422
8 3.79345e-05 3.72747e-05 0.000120604 3.24679e-05 3.24847e-05 0.98349 0.00607486 0.00879987 8.54908e-05 0.001289
7 1.49128e-05 1.37835e-05 5.86331e-05 0.0266563 0.00344026 8.91528e-06 4.60578e-06 1.24949e-06 0.9698 8.61793e-07
6 0.0758142 0.00233949 0.89705 0.00290165 0.000662385 0.00307722 0.00620447 0.000382819 0.00980905 0.00175864
1 0.000237113 0.00787753 0.00313468 0.000605339 0.000402835 0.0298302 0.00864801 0.494156 0.00232624 0.452783
2 0.139588 0.0345016 0.31099 0.00442584 0.00188602 0.112101 0.016054 0.014507 0.0122155 0.353731
9 3.77074e-05 0.99014 0.00183343 4.7833e-05 1.09168e-05 0.00477433 0.000177931 0.000108673 0.00053693 0.00233188
6 7.21393e-06 4.40278e-06 0.993576 0.000387259 0.000143863 9.38647e-05 0.00563514 6.89967e-05 6.54928e-05 1.77738e-05
2 3.19457e-06 0.0048925 3.28833e-05 4.32141e-05 3.10231e-05 0.0121003 0.00101998 0.000139633 0.00295034 0.978787
2 3.32309e-05 0.00441659 0.000118636 0.00265095 0.00243034 0.00153613 0.0054706 0.000291408 0.00632875 0.976723
4 0.848335 0.00124434 0.0736469 0.00410436 0.00398732 0.0174525 0.0400254 0.00394709 0.00150783 0.00574885
8 8.56246e-06 0.016575 0.000728602 4.64764e-05 6.5593e-05 0.952275 0.00570604 0.00122271 0.00287918 0.0204925
5 9.02735e-06 5.55974e-06 2.82208e-05 0.000987394 0.994589 1.10409e-05 0.00425584 1.12298e-05 9.86336e-05 3.76038e-06
8 2.95932e-05 1.29714e-05 2.01067e-05 4.14505e-06 7.09015e-06 0.987837 0.00221421 0.00943141 1.9484e-05 0.000423896
6 0.000177787 0.00913532 0.969444 0.000323355 0.00020753 0.00583541 0.0119244 0.00036446 0.00202025 0.000567414
9 9.29019e-07 0.997388 5.28703e-05 4.07756e-05 3.39007e-05 0.00128824 0.000603503 3.74388e-05 0.00022929 0.000325136
1 0.0011957 0.00650566 0.00213952 0.00155538 0.00148788 0.137571 0.0126807 0.756209 0.00271875 0.0779362
0 3.79614e-05 8.77364e-06 0.010863 9.04159e-05 9.59261e-05 0.014595 0.973784 0.000298371 8.50083e-05 0.000141948
0 0.000195068 0.000410644 0.0938678 0.00104512 0.00194809 0.0175625 0.882972 0.000842538 0.000738095 0.00041799
2 0.000153223 0.00404854 0.000735389 0.000423031 0.000235212 0.0433649 0.00862137 0.000533681 0.00462272 0.937262
3 0.0201489 0.00320637 0.00929921 0.895398 0.0229799 0.00141034 0.0155658 0.00338264 0.0070444 0.021565
9 0.000237314 0.927603 0.0202517 0.00140753 0.000477963 0.00936783 0.00278078 0.000119846 0.0365023 0.00125173
9 1.13755e-05 0.993358 0.00274054 9.58823e-05 4.54758e-05 0.00115368 0.000425356 9.95049e-05 0.000659868 0.00141
8 0.00179881 0.0012143 0.227166 0.00132897 0.000579244 0.724618 0.0235433 0.00683072 0.00583791 0.00708299
0 0.0235001 0.000132194 0.0599361 0.000880443 0.00150949 0.0274468 0.882127 0.00265421 0.000377641 0.00143573
9 4.25181e-05 0.900179 0.00247847 0.000105952 5.42295e-05 0.0261909 0.0004621 0.000258348 0.00872603 0.0615024
0 3.50145e-05 7.5483e-06 0.00156471 0.000781673 0.000867826 4.96403e-05 0.996566 6.23191e-06 0.000103884 1.74027e-05
1 0.000624286 0.00154617 0.000546738 0.00041089 0.000352093 0.0625473 0.00239726 0.889094 0.000622798 0.0418586
1 0.0231781 0.000841117 0.00366727 0.00734287 0.00231881 0.00305965 0.0181172 0.889216 0.00076041 0.0514981
5 5.43406e-05 1.88803e-05 6.73399e-05 0.00797728 0.987599 0.000105022 0.00345209 0.00013954 0.000249139 0.000337396
6 0.00259508 0.000790543 0.975559 0.000822244 0.000146126 0.00270614 0.00512185 9.46315e-05 0.0118458 0.000318257
5 3.30062e-05 1.35856e-05 6.02712e-05 0.000770531 0.987706 3.35251e-05 0.011202 3.88704e-05 0.000130748 1.15894e-05
5 0.000218578 0.000272663 0.00280572 0.000938619 0.51802 0.00495695 0.469803 0.000291336 0.00163809 0.00105462
7 1.05519e-05 2.09876e-06 4.2371e-05 0.00200079 0.000289988 7.09728e-06 3.93811e-06 2.429e-06 0.99764 6.59722e-07
0 4.04122e-05 5.58686e-05 0.000677262 9.4722e-05 4.97534e-05 0.0164311 0.981303 0.000382993 5.50395e-05 0.000909869
7 0.000265814 0.00782381 0.00141477 0.00496983 0.000932898 0.0106246 0.00149478 0.000180033 0.971505 0.00078852
3 8.44678e-05 3.10647e-05 0.000575286 0.981181 0.0108764 0.000161275 0.0059937 0.000120418 0.000723292 0.000253513
9 1.93338e-06 0.996128 1.1331e-05 4.09884e-05 6.04128e-05 0.00122059 0.000275279 6.46391e-05 0.000328164 0.00186833
3 1.27141e-05 4.17408e-06 4.69038e-05 0.992701 0.00388075 1.07491e-05 0.000604187 2.85753e-06 0.00271723 1.94504e-05
4 0.985118 0.000185448 0.00711662 0.000476498 0.000294757 0.00102248 0.00372643 0.000583922 0.000173339 0.00130213
7 2.4327e-06 0.00106245 0.000297569 0.000211932 2.04383e-05 0.00119399 6.49405e-05 2.72057e-06 0.99709 5.34102e-05
8 0.000112791 1.59878e-05 0.000166864 1.7145e-05 1.43161e-05 0.980714 0.0143009 0.00299764 3.21887e-05 0.00162777
2 3.63306e-06 0.0010995 3.22121e-05 6.25359e-05 0.000153193 0.00616559 0.000996293 0.00107174 0.000342353 0.990073
4 0.996723 5.49769e-05 0.00175033 8.54792e-05 0.000169159 8.67472e-05 0.000475791 0.000109524 0.000187297 0.000357599
0 0.000178067 8.48705e-06 0.000529511 0.000252036 0.000166974 0.000157323 0.998564 3.33869e-05 6.28827e-05 4.71364e-05
6 9.84592e-06 3.92438e-05 0.970122 0.000656096 0.000583357 0.000382958 0.0275149 0.000102232 0.000552632 3.71154e-05
6 0.00215018 0.048375 0.819566 0.00310007 0.00248109 0.0412235 0.0508791 0.00541019 0.0126199 0.0141952
4 0.991943 0.000110623 0.0025835 0.000419746 0.00135037 0.000387098 0.00239554 0.000145729 0.0004108 0.000253503
5 4.68743e-06 5.15139e-06 1.26349e-05 0.000797346 0.997327 8.17032e-06 0.00176052 1.13536e-05 6.57006e-05 7.39122e-06
0 6.12116e-05 3.67004e-06 0.00720201 0.00116298 0.00607338 0.000156875 0.985007 0.0002054 4.02602e-05 8.74461e-05
6 0.000634144 0.00376929 0.947955 0.0239022 0.00282406 0.00123429 0.00506742 0.00013158 0.0141321 0.00034943
6 0.0044413 0.00100783 0.666229 0.00593067 0.00161465 0.000934348 0.00489274 8.56514e-05 0.314693 0.00017044
4 0.863787 0.000463998 0.00519926 0.00111029 0.000649149 0.00813346 0.0154056 0.0226079 0.000374084 0.0822693
2 8.87784e-06 0.00482056 4.79583e-05 5.90686e-05 0.000156263 0.00472015 0.000492754 0.00123473 0.000485714 0.987974
4 0.67883 0.000862972 0.0538178 0.124012 0.0439497 0.00197854 0.0914171 0.00173004 0.00170052 0.00170106
3 0.00514818 6.28625e-05 0.00853973 0.978235 0.00163601 0.000267755 0.00520412 0.000310634 0.000297647 0.000298293
2 3.57096e-06 0.00106675 2.75693e-05 0.000238169 0.000309444 0.00203358 0.00212719 0.000228663 0.00222909 0.991736
2 5.08268e-05 0.000555642 0.000219944 0.00086289 0.000166739 0.00969373 0.00658083 0.000244041 0.0190061 0.962619
4 0.489919 0.00957402 0.0716048 0.00448393 0.00119557 0.0455729 0.0210052 0.0172575 0.00411936 0.335268
5 3.04163e-05 1.13654e-05 3.23684e-05 0.00566916 0.992902 5.29234e-05 0.000817901 2.40328e-05 0.000420233 3.99692e-05
1 0.00139423 0.00588148 0.00234535 0.00194705 0.00184986 0.202374 0.0186308 0.687515 0.00301744 0.0750452
3 0.000213321 1.65312e-05 0.00135643 0.992123 0.00398449 6.54859e-05 0.00170702 6.15556e-05 0.00035542 0.000116446
4 0.974576 0.000252763 0.0101796 0.00119628 0.00120318 0.00101795 0.00935683 0.000794975 0.000333289 0.00108891
2 0.000113656 0.0011357 0.000156796 0.000408305 0.000302949 0.0205386 0.00226191 0.000167288 0.0110901 0.963825
5 3.94463e-05 1.11428e-05 4.46511e-05 0.00427782 0.991146 0.00011085 0.00392046 6.26676e-05 0.000306784 8.04223e-05
4 0.992933 0.000112104 0.00278439 0.000606251 0.000707128 0.000304703 0.00160937 0.000146134 0.00044841 0.000349011
1 0.000563446 0.00091818 0.000669535 0.000445721 0.000496739 0.0771287 0.00154657 0.782051 0.000560418 0.135619
6 9.08442e-05 0.000161491 0.890514 0.000462256 0.000228897 0.00836916 0.0825481 0.0151343 0.000197849 0.00229305
6 0.0702093 0.0054542 0.87714 0.00705718 0.00197171 0.00487986 0.0118414 0.000567511 0.0181892 0.00268927
4 0.93392 0.000368895 0.00387607 0.000959725 0.000831811 0.00629168 0.0130609 0.00939762 0.000402541 0.0308912
6 0.318013 0.0126862 0.324839 0.00655027 0.00495446 0.147579 0.061489 0.0291705 0.00790429 0.0868141
7 0.000444179 0.0482303 0.00309247 0.00615398 0.00194696 0.0160933 0.00211924 0.000439578 0.908864 0.0126162
6 2.3123e-06 1.54044e-06 0.99601 0.000616868 0.000314046 0.000142166 0.00271429 9.32757e-05 8.2573e-05 2.29951e-05
4 0.366061 0.0129952 0.0170033 0.0310751 0.0311793 0.272193 0.234819 0.0182661 0.00897353 0.00743372
3 0.00147009 2.04195e-05 0.00674853 0.983888 0.00177295 3.67436e-05 0.00406323 1.22999e-05 0.00197237 1.4906e-05
1 0.00144541 0.000530652 0.00389244 0.000949597 0.000885245 0.0101949 0.018005 0.864852 0.000450749 0.0987943
8 5.31486e-05 0.000165734 0.000350035 0.000114091 0.000186131 0.980635 0.014824 0.000376371 0.00302261 0.00027301
0 6.1672e-06 1.54178e-06 0.000655864 6.90541e-05 0.000843573 1.63629e-05 0.998339 3.89078e-06 6.42792e-05 7.59288e-07
1 0.00434292 0.00106733 0.00309315 0.00157232 0.00182866 0.0265303 0.0110206 0.913618 0.00128729 0.0356394
6 0.00112972 0.0160499 0.90943 0.0027205 0.00112458 0.0162886 0.0261904 0.00132442 0.022532 0.00320976
9 6.85502e-05 0.887267 0.00173605 0.000126018 9.73234e-05 0.0388327 0.00046085 0.000484902 0.0102453 0.060681
9 3.84993e-06 0.967713 0.0010583 0.000143949 6.70774e-05 0.00100572 0.000259817 2.44723e-05 0.0281483 0.00157515
6 0.000156239 0.399246 0.56259 0.00027231 0.000156207 0.027285 0.00450545 0.000271121 0.0040894 0.00142884
5 5.7575e-05 4.32431e-05 0.000192451 0.0019562 0.963356 6.8228e-05 0.0337007 2.96411e-05 0.00058365 1.21254e-05
7 9.52594e-06 6.51561e-05 0.000480793 0.00925413 0.000643795 2.11192e-06 3.65746e-06 7.43617e-07 0.98954 5.25363e-07
2 0.00091108 0.000437611 0.000264661 0.00121398 0.00260248 0.00358817 0.0283875 0.451356 0.000193111 0.511045
3 0.00255163 0.00399879 0.0256567 0.528494 0.102768 0.0301706 0.238352 0.00250565 0.0585848 0.00691833
0 4.5938e-06 3.89676e-06 0.0050915 4.01834e-05 7.80099e-06 0.00491831 0.989774 7.14572e-05 3.43695e-05 5.38846e-05
7 0.00165739 0.00611465 0.00789286 0.426704 0.0062116 0.000697919 0.0017984 0.000511975 0.545248 0.00316301
6 0.00374292 0.104886 0.668275 0.00670327 0.00439088 0.034726 0.0400992 0.00467935 0.125201 0.00729638
1 0.0068105 0.00175755 0.0520554 0.00273547 0.00198712 0.38874 0.0834893 0.434503 0.00239141 0.0255305
9 3.8051e-05 0.988595 0.000729991 0.000210033 2.41077e-05 0.00192851 0.000185236 0.000191799 0.000619559 0.00747771
0 0.0268989 0.000184806 0.0160041 0.0624203 0.00978117 0.000918533 0.845522 0.0316094 0.000536878 0.00612353
2 3.66654e-05 0.0102245 9.96405e-05 0.00228322 0.00942978 0.00260393 0.00356031 0.00056081 0.016628 0.954573
8 0.000241995 0.00037886 0.00144143 0.00012429 5.42002e-05 0.98557 0.00265136 0.00246412 0.000412119 0.00666163
5 3.98656e-05 1.24754e-05 4.25728e-05 0.00579597 0.992308 6.7359e-05 0.0013568 3.74762e-05 0.00028815 5.11369e-05
4 0.975152 0.000369258 0.00547354 0.00366862 0.00936044 0.000257748 0.00348788 0.000485097 0.000728571 0.00101653
2 0.00742757 0.00653373 0.0223353 0.00476598 0.00529685 0.0122519 0.0876127 0.372931 0.0033387 0.477506
4 0.986704 0.000286722 0.00396683 0.00139505 0.00214229 0.00028578 0.0021837 0.00058419 0.000488853 0.00196271
1 0.000916498 0.000296323 0.000199842 0.000315993 0.000283761 0.00639188 0.00640205 0.939576 0.000133941 0.0454841
9 0.000224624 0.98643 0.00406228 0.000418259 0.000163691 0.0029026 0.000679769 0.000127152 0.00353187 0.00145987
3 2.06968e-05 4.50483e-06 0.000165583 0.987706 0.00773603 2.35803e-05 0.00294157 1.07477e-05 0.00134625 4.4887e-05
6 5.17946e-05 2.33804e-05 0.952697 0.00102092 0.000649202 0.000580188 0.0434434 0.000132836 0.00137518 2.61871e-05
7 0.00016931 0.000471036 0.000255654 0.0572597 0.0152476 0.000127078 0.000244461 9.74182e-05 0.925997 0.000130673
2 2.33886e-06 0.000814976 1.7412e-05 0.000218787 0.000286713 0.00102669 0.00110129 8.69083e-05 0.00279883 0.993646
2 5.28235e-05 0.0683678 0.00130197 5.80595e-05 4.08692e-05 0.221371 0.00180551 0.00166189 0.00126966 0.704071
3 0.000287221 0.00144343 0.00193722 0.723538 0.218856 0.000288244 0.018964 0.000194511 0.0335638 0.000927949
5 3.69383e-05 1.74439e-05 4.98806e-05 0.00307063 0.991255 2.05675e-05 0.00520819 2.98077e-05 0.000295376 1.60064e-05
5 4.25306e-05 3.65884e-05 4.60638e-05 0.00274443 0.991185 6.5395e-05 0.00510277 9.77778e-05 0.000564181 0.000114826
8 0.00143982 0.000146158 0.00202644 0.000672627 0.00058266 0.932219 0.0206609 0.0399558 0.000377211 0.0019191
7 7.12484e-05 0.000376342 0.000255261 0.0119623 0.0157397 0.000165237 0.00164493 9.9913e-05 0.962446 0.00723932
2 3.00294e-06 2.56442e-05 1.27184e-05 6.50228e-05 0.000170269 0.00353202 0.000431361 0.000291997 0.000417224 0.995051
7 3.13555e-06 5.93589e-06 0.000100409 0.00100763 2.37663e-05 4.80233e-05 3.00379e-06 7.13141e-06 0.998794 6.81257e-06
3 7.1846e-05 3.84e-05 0.000600814 0.98226 0.0119182 0.000134673 0.00164185 4.26941e-05 0.00308646 0.000204683
5 0.00586892 0.0415623 0.012399 0.235646 0.333045 0.0182203 0.0472283 0.00904125 0.194576 0.102412
5 4.77492e-06 1.40941e-05 0.000109132 0.00183151 0.983146 0.000163607 0.0136362 0.00011489 0.000509514 0.000470114
5 7.04359e-05 2.40687e-05 0.000663259 0.00067176 0.944201 5.41245e-05 0.0541711 2.85436e-05 0.000109654 5.84735e-06
8 3.03787e-06 0.00103931 0.00028727 1.11466e-05 7.19176e-06 0.943759 0.000703718 0.00125345 0.000783411 0.0521526
1 0.00024733 0.000150625 0.000176133 0.000144362 0.00019164 0.0129465 0.00172913 0.969646 0.000107867 0.0146604
9 0.00114429 0.639384 0.31393 0.00765881 0.00183468 0.00525175 0.0239855 0.00126659 0.00372934 0.00181493
1 0.00226154 0.000474599 0.00476552 0.000600528 0.000388977 0.0854922 0.0206028 0.814428 0.000415133 0.0705704
8 0.000254693 0.00134465 0.00104222 0.000294022 0.000307622 0.535811 0.00438111 0.424723 0.00170604 0.0301361
3 4.04253e-05 1.15326e-05 0.000124631 0.98428 0.0110938 7.34184e-05 0.00377813 9.06054e-05 0.000200042 0.000307678
3 0.00628166 2.69089e-05 0.00714663 0.979091 0.00149758 0.000104939 0.00537298 0.000203065 0.000158908 0.00011634
2 1.6279e-05 0.0801689 0.000371242 1.30164e-05 1.07232e-05 0.0208926 0.000602023 0.00203832 0.000310546 0.895576
0 4.48055e-06 3.90571e-06 0.00437261 0.00025723 2.89173e-05 6.61409e-05 0.995047 7.42729e-06 0.000207952 4.15911e-06
8 0.00108279 0.011618 0.00179962 0.00149786 0.00161809 0.467664 0.00598889 0.0412465 0.00502516 0.46246
0 0.000529539 8.51275e-05 0.00226623 0.00302116 0.0561811 0.00339402 0.928288 0.000813324 0.00195137 0.00346992
3 0.000289664 0.000434578 0.00176428 0.935273 0.0181562 0.000324482 0.00796791 0.000168285 0.0343655 0.00125653
7 4.57168e-05 0.000156676 0.000477559 0.0232335 0.00405156 5.55456e-06 1.01544e-05 8.53417e-06 0.972003 7.47528e-06
3 0.000965438 0.0011567 0.00547077 0.854036 0.0041847 0.000821143 0.00775314 0.000102593 0.125272 0.000237446
2 0.0324794 0.0388389 0.0846917 0.0035206 0.00148263 0.172527 0.0154801 0.025247 0.00448562 0.621247
5 0.000120835 4.1937e-05 0.000115339 0.00833119 0.983492 2.82185e-05 0.00744818 3.14723e-05 0.000372443 1.84871e-05
5 1.33505e-05 1.15327e-05 1.74942e-05 3.2333e-05 0.991511 4.56554e-05 0.00820257 4.05426e-05 5.24322e-05 7.31639e-05
9 3.96297e-05 0.946288 0.000754251 0.000166365 7.79997e-05 0.0111751 0.000198964 0.000105058 0.0124489 0.028746
7 0.00050488 0.0148913 0.00859924 0.00132096 0.000550594 0.0245908 0.00123104 0.000520393 0.938038 0.00975288
5 0.000100021 4.6513e-05 9.96031e-05 0.0157549 0.981288 7.84756e-05 0.00101478 3.82551e-05 0.00146349 0.000115481
5 0.000181022 0.000444406 0.000823481 0.00694089 0.97711 0.000246083 0.0119247 0.000708397 0.00093734 0.000683951
7 0.00158012 0.0582457 0.0112559 0.0172106 0.00247824 0.166747 0.0117597 0.00175704 0.642532 0.0864338
0 9.60246e-06 1.49901e-06 0.000656814 1.91209e-05 0.000506465 5.19695e-05 0.99872 2.83274e-06 3.06764e-05 8.64254e-07
6 3.62582e-05 2.117e-05 0.985555 0.00080809 0.000317288 0.000442439 0.0124261 0.000334822 2.61982e-05 3.30481e-05
4 0.984872 0.000164147 0.00800271 0.000647705 0.00287135 0.00023649 0.0019471 0.000185429 0.000812819 0.000260643
0 4.90447e-05 1.57928e-05 0.0667524 0.000247978 0.000134033 0.00391816 0.928357 1.41151e-05 0.000504364 6.90381e-06
6 0.000726623 0.0585667 0.827528 0.00170573 0.000786664 0.0247433 0.00886754 0.000714943 0.0740682 0.00229198
5 0.00195811 0.000262069 0.00595623 0.00133386 0.892851 0.000730266 0.096241 0.000372985 0.000207367 8.67515e-05
6 4.07944e-05 5.05937e-06 0.987043 0.00196794 0.000729891 4.53726e-05 0.00996344 5.54096e-05 0.000139134 1.00567e-05
5 6.93828e-05 2.42141e-05 0.00013521 0.0119412 0.976733 0.000391894 0.00916939 0.000124522 0.0011751 0.000236223
4 0.978408 0.000151527 0.0120194 0.00368833 0.000717127 0.000191029 0.00360655 0.000195461 0.000533323 0.000489233
2 2.84942e-06 0.000881397 2.408e-05 0.000155942 0.000316595 0.0095202 0.00125827 0.000484243 0.0016618 0.985695
9 1.11485e-05 0.99467 0.000424917 0.000120623 6.36675e-05 0.00103218 0.000323586 4.70039e-05 0.00125142 0.00205552
2 0.00767055 0.0215427 0.0120382 0.0136338 0.0104194 0.170324 0.119671 0.179707 0.0239291 0.441064
3 7.61354e-05 1.92277e-05 0.000162713 0.990517 0.00533194 3.95833e-05 0.00190749 1.25351e-05 0.00190102 3.27474e-05
0 0.0113596 0.000119403 0.00623911 0.0296472 0.00959842 0.000855212 0.918984 0.0202513 0.000227273 0.00271807
1 0.00020549 0.000540759 0.000243562 0.000151335 0.00014899 0.123648 0.000795576 0.789844 0.000202343 0.0842197
2 9.66545e-06 0.00424005 4.78274e-05 3.85792e-05 0.000121389 0.00850035 0.000536042 0.00233536 0.00038205 0.983789
7 1.00282e-05 0.000180066 6.09755e-05 0.0311219 0.00242706 1.61245e-05 1.33135e-05 6.23866e-06 0.966159 5.41268e-06
7 5.92514e-06 1.79159e-06 8.6432e-06 0.0459344 3.82149e-05 2.73562e-06 3.31409e-05 1.61905e-07 0.953974 4.85851e-07
6 0.0204891 0.000405055 0.971396 0.000822352 0.000303673 0.000519916 0.00292447 6.75591e-05 0.00288972 0.000182245
4 0.997358 3.5299e-05 0.00108983 7.31474e-05 2.14476e-05 4.91081e-05 0.00025107 0.000127116 4.20639e-05 0.000952453
3 8.90109e-06 6.93451e-06 0.000402939 0.988463 0.00437644 0.00014234 0.00206844 1.32382e-05 0.00443052 8.68208e-05
1 0.000834396 0.000118946 0.00108443 0.000180402 0.000148209 0.0165488 0.00590546 0.935913 0.000105901 0.0391607
6 0.0356451 0.00187854 0.895178 0.00644794 0.000386275 0.00287493 0.00595606 0.000407613 0.0494671 0.00175798
9 7.45555e-06 0.984694 0.00196512 8.17829e-05 7.34107e-05 0.00081737 0.00116857 0.000168565 0.00184508 0.00917907
1 0.0266624 0.0108493 0.047321 0.0065584 0.00579375 0.204799 0.216258 0.389371 0.00396017 0.0884271
6 6.04597e-05 0.00172037 0.972443 0.000196946 7.79359e-05 0.00170157 0.00704821 8.13838e-05 0.0165648 0.000104894
9 0.000448326 0.837495 0.124615 0.00185326 0.000719826 0.00748098 0.0202342 0.00120889 0.00340413 0.00253981
5 0.000215911 9.26242e-05 0.000164239 0.0191417 0.968757 5.25858e-05 0.00249547 4.15051e-05 0.00898858 5.07935e-05
5 1.38126e-05 1.39172e-05 0.000365837 8.81235e-05 0.994401 4.00693e-05 0.00489514 8.61876e-06 0.000170565 3.36893e-06
3 0.00124333 0.00161759 0.00206155 0.947452 0.018022 0.000773885 0.0062631 0.000820361 0.013091 0.00865561
6 0.00539762 0.0228421 0.527845 0.150167 0.0383086 0.00281224 0.00773161 0.00138797 0.24057 0.00293798
4 0.981656 0.000167819 0.00522566 0.000582943 0.000135256 0.0013648 0.00700215 0.000806241 0.000245767 0.00281354
3 1.59476e-06 1.20075e-06 1.7343e-06 0.997224 0.00122961 3.2904e-06 0.000212553 5.81629e-07 0.00132446 1.0224e-06
1 0.000293747 0.000804919 0.000918119 0.000300022 0.000324887 0.165901 0.00367794 0.803682 0.000973214 0.0231239
7 8.2063e-06 0.000398231 0.000142399 0.000229163 0.000177943 0.00501087 0.00154129 3.82408e-05 0.992291 0.0001622
9 0.000122798 0.95084 0.000616537 0.000330974 0.000121959 0.00975553 0.00281809 0.000741444 0.00146004 0.0331922
6 0.000136555 1.87875e-05 0.953577 0.00503376 0.00345939 0.000220466 0.0370563 0.000254169 0.000198516 4.45749e-05
1 0.000294129 0.0019515 0.000354267 0.000125645 8.4223e-05 0.0476784 0.00154585 0.885407 0.000261812 0.0622968
8 0.000107009 9.13988e-05 0.000160374 8.93134e-05 7.55598e-05 0.976379 0.0193201 0.00280337 0.000184028 0.000790197
7 1.06093e-06 2.16148e-07 2.74891e-06 0.000695917 6.3162e-05 3.19629e-07 1.05585e-07 1.4036e-07 0.999236 2.79807e-08
4 0.991007 7.99395e-05 0.00126199 0.000489585 0.00353284 0.000246029 0.00272407 0.00010666 0.000399945 0.000151732
8 6.65254e-05 6.24817e-05 0.000132465 4.67827e-05 4.45708e-05 0.975561 0.00460893 0.0169883 8.36437e-05 0.00240553
5 4.22033e-05 8.88468e-05 0.00155387 0.0263856 0.96105 0.000136922 0.00731431 5.68674e-05 0.00331778 5.36132e-05
2 0.00017555 0.00705924 0.000828398 0.0213683 0.00429818 0.410492 0.0154189 0.00151808 0.0342661 0.504576
7 3.82832e-05 0.000880625 0.00491103 0.0162223 0.000163859 0.000233106 9.92275e-05 1.36736e-05 0.977328 0.000110311
1 6.82784e-05 0.000755465 4.3986e-05 6.52453e-05 6.16508e-05 0.00270298 0.00811428 0.593386 0.000111497 0.394691
7 0.000181495 0.00130231 0.000353383 0.122077 0.0249685 0.000187069 0.000317368 0.000142333 0.850234 0.000237197
3 0.00491341 0.000735901 0.00492668 0.957485 0.00701307 0.000477516 0.0124049 0.000156621 0.011628 0.00025864
4 0.997206 7.25475e-05 0.00029107 3.4567e-05 4.32326e-05 0.000437272 0.00068637 0.000318502 5.98308e-05 0.000850371
0 0.0150931 0.0338432 0.0326082 0.0210417 0.0156226 0.22424 0.231623 0.168623 0.0323913 0.224914
1 0.00547467 0.00966412 0.00859358 0.0049415 0.0049712 0.158567 0.0156108 0.462085 0.00587443 0.324218
9 0.000125083 0.928944 0.000600916 0.00051093 0.000139175 0.00535479 0.000677609 0.000996621 0.00168623 0.0609645
4 0.440645 0.0482361 0.051177 0.0100137 0.0108052 0.326214 0.0699744 0.00417852 0.033921 0.00483435
6 4.86151e-05 0.000882991 0.98667 0.00148842 0.000142581 0.00121822 0.00698192 2.87374e-05 0.00250722 3.10273e-05
6 0.000286806 0.000838006 0.994518 0.000390386 2.23761e-05 0.00121621 0.000738934 2.34007e-05 0.00190406 6.2037e-05
7 6.20152e-06 1.36661e-05 2.03277e-05 0.000106376 0.0004993 0.00132138 0.00505274 4.033e-05 0.992858 8.15339e-05
9 0.000309411 0.941309 0.00476073 0.00918739 0.00283738 0.00391437 0.00609642 0.00058561 0.0139245 0.0170753
7 3.45999e-05 7.37385e-05 0.000422118 0.00143802 8.64988e-05 0.00049156 5.19717e-05 2.78147e-05 0.997345 2.91016e-05
4 0.805361 0.00328466 0.0236894 0.000676886 0.000201672 0.0155106 0.00245367 0.00451276 0.000492329 0.143817
6 7.72698e-05 5.1243e-05 0.978159 0.000754489 0.000424627 0.000358935 0.0198412 6.1867e-05 0.000260939 1.07512e-05
8 0.000378516 0.000384551 0.00142327 0.000185711 0.000110684 0.579091 0.0145035 0.388956 0.00013752 0.0148295
8 2.76618e-05 0.000354502 0.00106314 4.33052e-05 1.99776e-05 0.991713 0.00235982 0.000820779 0.000564997 0.00303256
6 0.00331432 0.0213017 0.649292 0.00800152 0.0154001 0.0476344 0.14425 0.0943664 0.0054259 0.0110144
4 0.891045 0.000432387 0.054051 0.00164495 0.00231572 0.00185242 0.0448301 0.00181932 0.00128305 0.000726167
1 0.000446631 7.65996e-05 0.000272894 9.06742e-05 7.73373e-05 0.00556963 0.00254755 0.955352 4.61408e-05 0.0355207
1 0.000618594 0.0004516 0.0014408 0.000959475 0.000310334 0.00584219 0.0226717 0.941808 0.000315019 0.0255828
9 6.9821e-06 0.992006 0.000509312 5.70748e-05 1.78478e-05 0.00077922 0.000260606 0.000106387 0.000297584 0.00595871
3 5.09144e-06 4.02284e-06 6.1052e-06 0.994359 0.00430861 9.73177e-06 0.000992931 1.11437e-06 0.00030817 5.43102e-06
7 1.00309e-06 2.83605e-06 2.27485e-06 0.00220749 0.000415815 7.41518e-07 3.62896e-07 4.07955e-07 0.997368 6.2709e-07
3 0.000116493 0.000348213 0.0004758 0.692787 0.0232415 0.000120246 0.00218167 5.66635e-05 0.28045 0.000222747
5 0.000252915 0.000261254 0.00356227 0.000427084 0.915881 0.00128678 0.07752 0.000129812 0.000623284 5.60068e-05
3 0.000403003 0.027538 0.00628361 0.777698 0.0481312 0.0187505 0.0100521 0.00119731 0.0970611 0.0128853
0 0.00177709 6.36651e-05 0.00118401 0.000163066 0.000200392 0.0789781 0.913268 0.00127602 0.000120401 0.00296971
8 0.000466053 0.00256023 0.00275929 0.000922633 0.000775309 0.589269 0.0447543 0.316738 0.00136946 0.0403856
4 0.61605 0.00382521 0.048045 0.00225335 0.000738889 0.0149901 0.00901109 0.0139798 0.0016576 0.289449
3 0.00221912 0.00337384 0.0159287 0.670055 0.137825 0.00110832 0.0544535 0.00101452 0.110692 0.00333033
8 0.0691736 0.132131 0.114631 0.00883107 0.00493967 0.370038 0.0244155 0.0174013 0.0244707 0.233969
9 4.98934e-05 0.973732 0.0154347 0.000445787 0.000111609 0.0023233 0.000572397 2.96631e-05 0.00702649 0.000273749
