best parameters:
svm_type:0, kernel_type:1, degree:3, gamma:0.125000, coef0:0.000000, cache_size:120.000000, eps:0.001000, c:1.000000, nr_weight:0 nu:0.500000, p:0.100000, shrinking:1, probability:1
accuracy on Train: 91.940219
confusion matrix on Train:
labels 4 9 6 3 5 8 0 1 7 2
4 0.668424 0.0013333 0.270095 0.021195 0.00403515 0.000887022 0.0267622 0.000540818 0.00606327 0.000665014
9 8.29762e-05 0.974825 0.00444237 0.00764942 0.000631105 0.00150215 0.000372058 0.000124873 0.00781346 0.00255617
4 0.981409 0.000230344 0.0155104 0.00018831 0.000343516 0.000137084 0.00074591 0.000150183 0.00101871 0.000266824
6 1.35113e-05 1.13665e-05 0.950981 9.29238e-05 2.60647e-05 0.00425086 0.0444597 8.59279e-05 6.70244e-05 1.19311e-05
3 3.67861e-06 1.89712e-06 1.55661e-05 0.991535 0.004337 8.92073e-06 0.000210309 1.20937e-06 0.00386312 2.36444e-05
5 1.75338e-05 1.54641e-05 1.12578e-05 0.00191786 0.995416 2.12291e-05 0.00134806 1.3013e-05 0.0011758 6.38317e-05
8 1.0476e-06 1.06905e-06 1.73928e-06 7.01176e-07 6.52601e-07 0.997621 0.00141104 0.000572086 0.000132579 0.000257942
0 0.000181932 0.000557509 0.0253156 0.000416366 0.00143191 0.0340227 0.922581 0.0127547 0.000417263 0.00232116
4 0.991488 5.47617e-05 0.000570001 0.00029717 0.000354019 0.000407876 0.00324165 0.00106669 0.000130646 0.00238922
6 0.00437921 0.0737112 0.771307 0.00289139 0.00128104 0.0879404 0.00331149 0.00168122 0.0182219 0.0352753
6 0.00424129 0.000161482 0.87079 0.00183903 0.00431902 0.00390035 0.113389 0.000735917 0.000497799 0.000126241
4 0.939165 0.00280078 0.0234783 0.0143426 0.00256054 0.00172878 0.00597366 0.000945195 0.00223111 0.00677415
1 0.00130407 0.00310464 0.00155145 0.0014521 0.00181219 0.0746947 0.0139859 0.730557 0.00160034 0.169937
6 0.0117644 0.00237162 0.569778 0.0126637 0.000770598 0.0028848 0.00263319 0.000202153 0.396401 0.00053076
6 3.13687e-05 2.90152e-06 0.926403 0.000704173 0.000194932 0.000272691 0.0722648 4.54055e-05 7.51175e-05 5.37201e-06
1 0.0538131 0.00092959 0.00823727 0.013333 0.00301442 0.00697365 0.0830868 0.789086 0.0010076 0.0405184
4 0.988875 7.35518e-05 0.00567211 0.00310732 0.000380873 6.49011e-05 0.000435838 0.000132949 0.000244834 0.00101285
5 0.00223443 0.000106809 0.000491415 0.0143096 0.892022 8.61437e-05 0.089838 0.000198666 0.000383184 0.000329796
1 0.00245128 0.00131002 0.0665403 0.00271468 0.00225069 0.120541 0.0707055 0.717052 0.0017057 0.0147297
3 2.84395e-05 2.60026e-05 0.000188709 0.985771 0.00342231 3.54696e-05 0.000907619 4.18725e-06 0.00959593 2.02871e-05
4 0.994072 5.00465e-05 0.000905344 0.000212206 0.000100852 0.000292228 0.00122693 0.000733399 7.89282e-05 0.00232801
4 0.993778 0.000303234 0.00235587 0.000671132 0.000205874 0.000191163 0.000442101 0.000185558 0.000179036 0.00168786
6 2.91761e-05 6.10849e-05 0.962413 0.000443238 0.000442792 0.000866826 0.0345436 0.000159617 0.000949443 9.09776e-05
4 0.990012 0.000109357 0.00245692 0.000300455 0.000155823 0.000572306 0.00175841 0.000812842 0.000157933 0.00366428
2 6.83098e-06 0.000759096 0.000305288 0.000503655 8.61873e-05 0.00307947 0.00137475 1.7288e-05 0.0897541 0.904113
9 1.55692e-05 0.944098 0.0056393 0.000107417 3.98018e-05 0.00227316 0.000246407 2.07874e-05 0.0470979 0.000461751
8 0.00044922 7.58683e-05 0.00114598 0.000628561 0.000561378 0.961481 0.030968 0.00363672 0.00062241 0.000430475
1 0.000342218 0.000171737 0.000190218 0.000223609 0.000150225 0.00349624 0.00607152 0.965632 0.000103867 0.0236182
0 0.000804248 2.15523e-05 0.0013593 0.00272892 0.000518759 8.99584e-05 0.99394 0.000152426 0.000142099 0.000243143
0 0.000712051 3.96692e-05 0.000905573 0.000316364 0.00342228 0.00487537 0.987296 0.000789973 0.000125816 0.00151672
3 0.000357199 2.41473e-05 0.000518035 0.979923 0.0130159 5.55108e-05 0.0057174 8.36804e-05 0.000205592 9.9618e-05
0 0.000123252 0.00128522 0.000705851 0.000118958 0.000183316 0.0501715 0.937252 0.00162019 0.00435522 0.00418502
0 0.0206494 0.00110095 0.00311115 0.00566277 0.0496069 0.00646992 0.76142 0.0201679 0.0015364 0.130275
2 0.000930803 0.00476596 0.00125314 0.00267608 0.00194943 0.295197 0.0186813 0.00129339 0.0490381 0.624215
8 0.00113728 0.00272562 0.00208998 8.74123e-05 3.87748e-05 0.921112 0.00115051 0.0702074 0.000213355 0.00123719
6 7.11628e-07 4.26802e-07 0.997933 0.000209161 6.78526e-06 0.000101816 0.00170792 4.9728e-06 3.41087e-05 8.13671e-07
1 0.000338656 0.000153917 0.000174827 0.000129624 9.97931e-05 0.00779432 0.00501061 0.972674 9.3104e-05 0.0135308
5 9.66115e-05 2.7679e-05 0.000325998 0.0289139 0.964485 8.78144e-05 0.0056317 0.000112292 0.000240921 7.8126e-05
2 0.000104209 0.0318795 0.00313717 0.00103046 0.000292483 0.00787963 0.0180261 0.00545187 0.00219785 0.930001
2 0.0135557 0.00257309 0.013481 0.0293454 0.025048 0.00643638 0.069598 0.0672888 0.00552594 0.767148
4 0.947936 0.000257132 0.00346834 0.000481375 0.000411988 0.0043892 0.00626456 0.0149175 0.000224915 0.0216495
0 0.00237537 0.00811229 0.0168947 0.00284349 0.0028055 0.0121937 0.902433 0.0342161 0.000953587 0.0171722
4 0.992762 0.00015496 0.00142731 0.000758632 0.00155034 0.000181918 0.00130155 0.000341805 0.000235868 0.00128595
7 5.24469e-09 1.09505e-08 1.09356e-08 3.18019e-08 1.86663e-08 5.4157e-09 7.50969e-09 3.63497e-09 1 2.05807e-08
8 1.63554e-05 1.31358e-05 2.27847e-05 6.23283e-06 7.41504e-06 0.987119 0.004716 0.00622146 1.79142e-05 0.00185965
7 7.6775e-05 0.00390601 0.0135634 0.00155773 7.84279e-05 0.0148652 0.00112011 0.000163533 0.962501 0.00216752
6 2.13274e-05 1.09594e-05 0.978108 0.00404409 0.00206334 5.57902e-05 0.0145727 7.23972e-05 0.00103863 1.23897e-05
7 3.18739e-06 4.1758e-06 5.0898e-06 0.00368582 6.00842e-05 1.13929e-05 9.16361e-07 1.67789e-06 0.996218 9.16245e-06
4 0.994582 4.52909e-05 0.00193932 0.000101509 4.71768e-05 0.000124462 0.000880702 0.000313797 5.72028e-05 0.00190864
9 0.00116579 0.927512 0.0020188 0.0010653 0.000518039 0.0217397 0.00818741 0.00173385 0.00350987 0.0325493
4 0.991056 7.19811e-05 0.00501959 0.00182292 0.000445112 0.000103314 0.000758541 6.76967e-05 0.000236889 0.000418079
2 1.82574e-06 0.00122472 1.71585e-05 9.82027e-05 0.000236822 0.00254418 0.000738776 0.000289466 0.000762115 0.994087
5 0.00198845 0.000111169 0.000606049 0.0659469 0.926328 0.000179779 0.00244436 0.00051083 0.000870309 0.00101374
4 0.831191 0.00102282 0.129486 0.0169478 0.00239538 0.00182747 0.0102962 0.000163205 0.00608158 0.000588278
5 3.14937e-05 1.01233e-05 0.000449503 0.000367322 0.962729 4.92221e-05 0.0362634 3.35354e-05 5.89661e-05 7.72591e-06
3 0.00126219 4.19433e-05 0.00467611 0.978127 0.0104815 6.88025e-05 0.00493605 9.80325e-05 0.000242174 6.57707e-05
6 4.30177e-05 0.00818827 0.930692 0.000189171 5.533e-05 0.00303295 0.000793117 3.14676e-05 0.0569075 6.76206e-05
9 0.00023324 0.725088 0.0330546 0.00152046 0.000401198 0.026891 0.0145945 0.00474109 0.00431572 0.18916
1 0.0029489 0.00426553 0.00242188 0.00150132 0.00171321 0.0366833 0.0072301 0.831942 0.00140502 0.109888
4 0.99056 0.000139371 0.00336196 0.00209318 0.00105395 0.000144578 0.00127136 0.000253791 0.000196449 0.000924949
0 0.00210108 3.91815e-05 0.000938883 0.000625549 0.00507263 0.00309584 0.985342 0.000680916 0.000163299 0.00194073
0 0.0104995 0.00547156 0.0159487 0.0257418 0.252422 0.04383 0.532732 0.0133828 0.038552 0.06142
4 0.995577 6.63978e-05 0.00169549 0.000804861 0.000155996 4.75712e-05 0.000776658 0.000104787 0.000201207 0.000570415
6 0.000214624 0.000113473 0.938406 0.0154899 0.0173302 0.000238688 0.0259481 0.000291585 0.00179655 0.000170888
4 0.97356 0.00272729 0.00280173 0.00204315 0.00743646 0.00130227 0.00427287 0.00217639 0.000672854 0.00300734
0 6.04116e-05 3.64939e-05 0.0256684 0.000666883 0.00016207 0.0382442 0.934474 0.000227063 0.000212055 0.000248321
7 3.09688e-06 2.04082e-06 0.000380127 0.000503799 0.000172341 1.13151e-05 6.72552e-06 1.46903e-06 0.998916 2.78642e-06
5 0.00213849 0.000864171 0.00188925 0.00680922 0.834856 0.00146165 0.149737 0.00048899 0.00122641 0.000528545
0 0.000459886 0.0240312 0.0162272 0.00568339 0.0136345 0.01421 0.862554 0.00287121 0.00638769 0.0539408
6 0.0590454 0.00248773 0.909536 0.00481848 0.00118101 0.0022684 0.00496726 0.000733026 0.00926112 0.00570131
8 5.63643e-07 6.79227e-07 1.43291e-06 4.36827e-07 3.40732e-07 0.998532 0.000951203 6.03907e-05 0.000131937 0.000321507
4 0.960348 0.000513772 0.0334887 0.00041696 0.00047476 0.00111299 0.00120014 0.000534197 0.00105991 0.000850721
0 0.000155267 1.34108e-06 0.000492228 0.000194879 0.00195036 2.46148e-05 0.997125 3.1169e-05 1.66237e-05 8.81543e-06
1 0.00674379 0.0111521 0.0307432 0.00286465 0.00226082 0.0427842 0.050855 0.626307 0.00382725 0.222462
3 0.0301347 0.00428564 0.207109 0.623699 0.027204 0.00670853 0.0833972 0.00452076 0.00796238 0.00497876
6 0.000184576 0.000168033 0.912787 0.00140293 0.00145299 0.00121255 0.0815362 0.000620489 0.000207704 0.000427381
5 2.77335e-05 8.61459e-06 0.000101888 0.00176364 0.980376 0.000133508 0.0172186 0.000124753 7.64198e-05 0.000168976
4 0.992264 7.36852e-05 0.00066266 0.000216497 0.000267491 0.000533468 0.00183252 0.00122031 0.000135985 0.00279323
5 5.01345e-05 2.79118e-05 6.73758e-05 0.00900664 0.981 0.000169097 0.00785295 4.96654e-05 0.00153335 0.000242721
9 0.00062229 0.983173 0.00439048 0.00166489 0.00120751 0.00192834 0.00306785 0.000495265 0.00151431 0.00193575
3 7.11199e-05 7.3568e-05 0.000132498 0.96248 0.0124351 7.18088e-05 0.000555415 2.53972e-05 0.0237307 0.000424208
4 0.98875 8.888e-05 0.00760936 0.000318637 0.000807836 0.000113325 0.000561023 0.000398732 0.00033603 0.00101651
5 2.86041e-05 5.98948e-05 3.04752e-05 0.00438285 0.987061 7.89937e-05 0.00329872 3.55041e-05 0.00473315 0.000290416
6 0.000135911 4.59137e-05 0.744558 0.000477742 0.000151666 0.000634066 0.251608 3.31133e-05 0.00233766 1.78672e-05
1 0.00282569 0.00544814 0.00418786 0.00302397 0.00387781 0.0542977 0.00813541 0.796481 0.00404311 0.11768
0 0.00126778 0.0017855 0.0880734 0.0174083 0.0228137 0.00439866 0.740517 0.00190195 0.120008 0.00182588
6 1.53729e-05 1.0941e-05 0.989381 0.000548436 0.000304251 0.000738236 0.00846517 0.000269896 0.000131698 0.000135412
9 4.47491e-05 0.949131 0.0384658 0.000120912 2.36564e-05 0.0093135 0.000810517 0.00025208 0.000496515 0.00134118
6 0.0978595 0.000461667 0.889723 0.00138179 0.000356787 0.000723808 0.00738713 0.000216383 0.0015334 0.000356518
7 0.00614429 0.0128724 0.0390003 0.0275136 0.011128 0.083412 0.0653772 0.00870074 0.646505 0.0993462
3 0.0360946 0.0147502 0.036915 0.485702 0.37653 0.00102773 0.0130508 0.00175758 0.0309212 0.00325095
0 0.0147299 0.02622 0.0527695 0.0330914 0.0181487 0.193259 0.316588 0.0356749 0.206539 0.10298
5 0.000235448 8.72772e-05 0.000157536 0.0186726 0.974526 4.87081e-05 0.00202503 5.89095e-05 0.00412231 6.64683e-05
7 0.000802654 0.00135977 0.0464302 0.00397789 0.000844128 0.00186278 0.000599931 0.000179799 0.943638 0.000304688
6 0.48485 0.000456285 0.497346 0.00441573 0.00120978 0.000300886 0.00795318 0.000185596 0.00293674 0.000346275
8 0.000404932 7.09481e-05 0.00020815 0.000260554 0.000266894 0.943938 0.0258066 0.0241765 0.000109631 0.00475803
9 0.000346172 0.940503 0.00624001 0.000823506 0.00084272 0.00970908 0.0326284 0.0011848 0.00397118 0.00375095
2 3.76509e-06 0.00147422 2.96143e-05 0.000193919 0.000331829 0.0097115 0.00214214 0.000406313 0.00304036 0.982666
5 0.00133294 0.000875885 0.0017451 0.166712 0.761757 0.00103521 0.0605283 0.000706082 0.00329656 0.00201072
4 0.960576 0.00198104 0.00421514 0.00457794 0.0132206 0.00125576 0.00663589 0.00228968 0.000785282 0.00446224
5 3.41666e-05 1.02349e-05 1.913e-05 0.00257768 0.994023 1.68914e-05 0.00286173 3.57511e-05 0.0003741 4.74911e-05
4 0.973294 0.000192919 0.0170934 0.000434991 0.00125649 0.000615437 0.00553684 0.00038331 0.000736894 0.000455536
1 0.000249879 0.00146748 0.00129399 0.000187379 0.000149556 0.106011 0.0069956 0.853396 0.000367556 0.0298821
2 8.55124e-05 0.000869783 0.000698138 0.00109093 0.000160187 0.0137307 0.00524996 0.000146761 0.0233765 0.954592
9 5.97901e-05 0.826516 0.0736928 0.000904701 0.00038266 0.00282785 0.00329534 0.000148753 0.0911397 0.00103265
1 0.00287609 0.00570472 0.00469348 0.00311722 0.00380627 0.0860515 0.0112729 0.710721 0.00438735 0.167369
5 5.35182e-05 2.2443e-05 9.51073e-05 0.0078824 0.987628 0.000131153 0.00340251 0.000117332 0.000382395 0.000285328
6 0.000589574 0.00180633 0.813463 0.00262281 0.00675029 0.00718104 0.153007 0.0117327 0.00147257 0.00137489
4 0.996428 8.44306e-05 0.00162539 9.64624e-05 0.000309386 0.000173682 0.000780584 7.03198e-05 0.000250798 0.000180788
5 0.00263195 0.000295103 0.00238993 0.0439465 0.945159 0.000104575 0.00388239 0.000336404 0.00104623 0.000207495
6 0.00571954 0.0241517 0.316568 0.145156 0.00788498 0.0322221 0.279539 0.0101456 0.147574 0.0310397
7 1.24749e-05 6.66545e-05 2.37228e-05 0.00651758 0.000671711 0.000624847 4.03913e-05 3.28934e-05 0.991576 0.000434216
4 0.991659 0.000119764 0.00340374 0.00244437 0.000299938 0.00019741 0.00089321 0.000125571 0.000195769 0.000661523
3 5.39465e-05 9.52069e-06 0.0016313 0.991535 0.0043369 3.6482e-05 0.00181693 1.27591e-05 0.000549668 1.70294e-05
0 1.83287e-06 8.23474e-07 0.00028797 5.00029e-06 0.000467146 2.94264e-05 0.999148 5.28671e-06 5.31829e-05 1.51539e-06
0 1.25076e-06 1.84407e-06 4.45779e-06 6.69694e-06 5.87159e-06 2.64313e-06 0.998641 4.23766e-06 0.00128738 4.47242e-05
8 1.4458e-05 0.00550724 0.000143518 0.000403689 0.000124253 0.75699 0.00139005 0.000166356 0.00616034 0.2291
1 0.0103392 0.00135374 0.00409373 0.00514606 0.00191622 0.0108943 0.149411 0.749881 0.00126054 0.065704
0 5.12438e-05 5.40408e-06 0.00451624 0.00637226 0.0191444 1.01344e-05 0.969662 6.4246e-06 0.000228078 3.38671e-06
6 2.67025e-06 1.90777e-06 0.995562 0.000197263 6.85704e-05 0.000325873 0.00353562 0.000217429 4.40316e-05 4.48525e-05
0 7.48589e-06 2.88525e-06 0.000112407 0.000499307 0.00240173 1.19046e-05 0.99678 3.93767e-05 0.000126161 1.86072e-05
8 0.000140534 2.51976e-05 6.25214e-05 5.87027e-06 5.73334e-06 0.990273 0.00158318 0.00679346 2.71558e-05 0.0010832
4 0.995764 5.08244e-05 0.000738147 0.000215252 0.000655172 0.00021562 0.00174046 0.000111655 0.000182507 0.000326208
0 6.48901e-05 9.95663e-06 0.00068591 0.000548172 0.000909526 1.46613e-05 0.996888 7.45335e-06 0.000866402 4.54283e-06
5 0.000733939 0.00923955 0.0058344 0.385898 0.541143 0.00980786 0.0173132 0.0012305 0.0229585 0.00584174
1 0.000350385 0.000119784 0.000155753 0.000161953 0.000105504 0.00102638 0.00502378 0.974614 8.37232e-05 0.0183585
2 0.00272081 0.199078 0.0119426 0.0531549 0.00719045 0.0183742 0.0139377 0.00381136 0.163695 0.526095
8 0.000132377 8.51674e-05 0.000166976 1.17725e-05 7.85276e-06 0.987583 0.0044045 0.00353375 4.15083e-05 0.0040326
5 4.95834e-05 0.000255071 9.10002e-05 0.00516604 0.979801 0.000323804 0.00785233 0.00043207 0.00196034 0.00406892
9 0.00162662 0.909781 0.0078293 0.000884728 0.000467849 0.0262456 0.00592902 0.00318894 0.00598855 0.0380584
9 3.02995e-07 0.998415 9.02725e-05 0.00010013 5.42148e-05 0.00040023 0.000225538 2.70338e-05 0.000447509 0.00023962
0 1.83162e-05 5.19589e-06 0.000478235 0.00109981 0.0196085 3.73202e-05 0.978675 4.7036e-06 7.00937e-05 3.2844e-06
8 1.03926e-05 0.000187399 8.13508e-05 1.8982e-06 1.38218e-06 0.995997 0.000725785 0.00166875 3.75486e-05 0.0012888
2 6.03322e-06 0.000519848 1.7767e-05 0.000170534 0.000170967 0.00457621 0.000593245 2.68099e-05 0.00697212 0.986946
1 0.00678891 0.0012023 0.0090215 0.0218186 0.0026316 0.00614881 0.109226 0.780182 0.0015368 0.0614438
8 0.000277982 0.000984924 0.00138162 0.000436236 0.000398303 0.877702 0.0147367 0.0763252 0.00115694 0.0266
4 0.992105 0.000113369 0.00297178 0.000231868 0.000495895 0.000481396 0.0025976 0.000257526 0.000293528 0.000452337
7 0.00054309 0.20941 0.0072996 0.00871476 0.00176037 0.00952121 0.00109393 0.000592091 0.744589 0.0164759
1 0.00265074 0.00373472 0.00294739 0.0020416 0.00177828 0.0896287 0.0188077 0.761782 0.00240549 0.114223
1 0.00174135 0.000529621 0.00132877 0.00181124 0.00117267 0.0116635 0.0342966 0.91183 0.000450004 0.0351759
4 0.852065 0.00203179 0.0132556 0.0792626 0.00435254 0.00205951 0.0187915 0.0151409 0.00128661 0.0117546
0 0.000147755 7.91221e-05 0.000393673 0.0127648 0.250419 0.0001199 0.735124 4.23446e-05 0.000857564 5.2107e-05
0 0.00416003 1.32711e-05 0.000592409 0.0225591 0.00481266 2.16863e-05 0.966929 0.000598701 5.80388e-05 0.00025472
1 0.00463876 0.000241556 0.000715107 0.000611322 0.000251134 0.0145186 0.0138667 0.948836 0.00022067 0.0160998
8 0.000687434 3.39923e-05 0.00026755 8.48097e-05 6.69154e-05 0.976523 0.011014 0.00918343 0.000101623 0.00203714
8 0.00199916 0.00441025 0.00546658 0.00175944 0.0009755 0.576222 0.198462 0.0145297 0.00231416 0.193861
1 0.000611482 0.00151651 0.000597795 0.000598249 0.000626521 0.0416397 0.00393403 0.868123 0.000625619 0.0817266
7 2.32423e-05 5.63993e-05 3.54205e-05 0.00998814 0.00377438 1.78358e-05 2.26745e-05 5.08466e-06 0.986064 1.27548e-05
9 1.87038e-05 0.936404 0.00400979 0.000175766 9.10781e-05 0.00437256 0.00269346 0.000783082 0.00148934 0.0499626
8 2.69611e-05 0.015317 8.61929e-05 0.000261884 0.000169685 0.583361 0.00125998 0.000232148 0.0121224 0.387162
4 0.970273 0.000202207 0.0111809 0.00968153 0.00199557 0.000449875 0.00480266 0.000174166 0.000523189 0.000716952
8 4.4667e-07 4.62747e-07 6.41108e-07 2.96081e-07 2.52251e-07 0.998447 0.000640613 0.000486115 4.94555e-05 0.000374653
9 2.90476e-05 0.982798 0.0132046 4.27618e-05 1.13201e-05 0.00190609 0.000192009 9.05601e-06 0.00168864 0.000118484
6 0.000348526 0.00188032 0.862867 0.00306759 0.0272654 0.00159834 0.0944585 0.00339547 0.0040327 0.00108628
9 3.47701e-05 0.993581 0.00243501 0.000120461 5.75896e-05 0.00156351 0.000322613 0.000100743 0.000902373 0.000881554
0 0.000138861 1.00224e-05 0.00192658 0.00416738 0.00179021 2.03657e-05 0.991836 1.78123e-05 7.84087e-05 1.46381e-05
3 0.000375916 0.0022754 0.00496549 0.762169 0.00389229 0.000553499 0.00450841 3.11572e-05 0.221166 6.25604e-05
1 0.000287477 0.00506991 0.00113669 0.000767926 0.000758126 0.00286711 0.00914028 0.545011 0.000894039 0.434068
9 6.06364e-05 0.857949 0.122201 0.000427842 7.88595e-05 0.0112805 0.00528016 0.000460348 0.00144873 0.000812733
7 9.19051e-05 0.000203046 0.000124246 0.0257294 0.0193555 9.63337e-05 0.000267494 5.92558e-05 0.95398 9.25545e-05
8 7.59152e-06 8.65965e-06 1.02999e-05 5.83194e-06 5.38412e-06 0.993064 0.0045376 0.00127879 6.35767e-05 0.00101848
8 0.00162643 0.148869 0.00416027 0.00198714 0.00173715 0.511867 0.0038083 0.00469203 0.00607254 0.31518
7 0.000521906 0.00824862 0.00417935 0.00812743 0.00116325 0.001092 0.00185655 6.57321e-05 0.974658 8.6693e-05
7 0.000512208 0.0111542 0.0720476 0.00454008 0.000336524 0.0386178 0.00282535 0.000478177 0.859898 0.00959024
4 0.990321 0.00023719 0.00151187 0.000226279 0.000107732 0.000665148 0.00110173 0.00115351 0.00015116 0.00452443
6 4.05429e-06 2.74589e-06 0.995162 0.00111305 0.000567943 0.00014212 0.00261041 0.000175738 0.00015024 7.1677e-05
6 9.09592e-05 0.0105997 0.958592 0.000364469 7.65954e-05 0.0114015 0.00376846 0.000577138 0.00150951 0.01302
0 0.000189873 1.78142e-05 0.00795375 0.00523771 0.0914375 3.55701e-05 0.894599 2.13323e-05 0.000492503 1.54323e-05
2 4.96891e-06 0.00185258 4.68052e-05 0.000585768 0.000342073 0.00368425 0.000757382 1.30817e-05 0.0433185 0.949395
6 2.94824e-05 1.50218e-05 0.98803 0.000767779 0.000303875 6.82925e-05 0.0106767 3.12194e-05 7.47485e-05 2.42202e-06
3 3.5208e-06 1.50284e-06 0.000256974 0.999172 0.000367011 8.59386e-06 0.000138318 5.87931e-06 3.98212e-05 5.91482e-06
7 7.27107e-05 0.0140734 0.00256292 0.0364952 0.00562907 0.0016747 0.00299755 0.000124241 0.935649 0.000721473
4 0.990244 9.68813e-05 0.00168941 0.000238262 0.000282025 0.000667128 0.00103675 0.00119059 0.000171333 0.00438342
7 0.000164186 0.00408133 0.0662043 0.0196476 0.00129107 0.0016622 0.00534476 8.77896e-05 0.901361 0.000155532
2 0.00180244 0.00295172 0.00207473 0.00669726 0.00760941 0.00550028 0.1161 0.220128 0.00272731 0.634409
9 0.00129907 0.966449 0.00418208 0.00404588 0.000955311 0.00386855 0.00247954 0.00137591 0.00248361 0.0128609
3 0.0426662 0.012667 0.0171144 0.396371 0.15782 0.000785788 0.0203619 0.000362859 0.351379 0.000471569
4 0.8622 0.00287971 0.0303873 0.00872812 0.0587215 0.0022902 0.0232158 0.00422813 0.00170895 0.0056403
9 2.73433e-07 0.998497 5.63562e-06 6.07678e-05 4.20985e-05 0.000155798 1.9257e-05 3.69525e-05 9.96321e-05 0.00108241
1 0.00123038 0.000348803 0.000249565 0.00121712 0.00133574 0.00812805 0.00684725 0.899886 0.00017887 0.080578
9 0.000116427 0.978352 0.0126644 0.000628718 0.000245606 0.0026656 0.00109753 9.76136e-05 0.00343214 0.000699925
7 5.6891e-06 2.5628e-05 5.22541e-06 0.025714 0.000178276 0.000114279 7.24682e-06 4.79155e-06 0.973897 4.81543e-05
1 0.000417545 0.000421466 0.000511887 0.000271829 0.000293801 0.03074 0.00213316 0.945009 0.000390472 0.0198111
7 0.00421664 0.0270556 0.0205202 0.29546 0.117248 0.00500467 0.156375 0.00287893 0.366645 0.00459681
0 2.21705e-05 6.42138e-06 0.00305943 3.35044e-05 3.02102e-05 0.00258913 0.994089 0.000104751 1.17438e-05 5.32046e-05
3 7.39519e-05 4.11835e-05 0.00588602 0.981741 0.00616012 7.38858e-05 0.00560872 4.69603e-05 0.000336974 3.11267e-05
6 0.000375245 0.000292369 0.961343 0.00109753 0.00150603 0.000893807 0.031455 0.00166809 0.000153824 0.00121535
1 0.000214733 0.00447332 0.000934032 0.00047722 0.000393802 0.0023745 0.00526785 0.72743 0.000476003 0.257958
6 0.00114851 3.22295e-05 0.965344 0.000871958 0.000527701 0.00253814 0.0279756 0.00119924 7.36493e-05 0.000289174
7 5.27009e-05 0.000259156 0.00375146 0.00359811 0.000185698 0.000255132 3.13277e-05 2.22573e-05 0.991812 3.25154e-05
9 2.1095e-05 0.986926 5.96228e-05 9.77911e-05 0.000330472 0.00549957 0.000275834 0.000335848 0.00259985 0.00385394
2 1.32609e-05 0.00176994 6.01355e-05 0.000169606 0.000365565 0.00180224 0.00350648 0.00190822 0.00068005 0.989725
1 0.00276048 0.00656041 0.00565371 0.00426607 0.00265749 0.10476 0.103355 0.562289 0.0039911 0.203707
8 0.00795193 0.021407 0.00419074 0.000263802 0.000289685 0.681321 0.0274389 0.19903 0.00118412 0.0569236
8 0.000449354 8.36054e-05 0.00189607 0.000195511 0.000161296 0.918408 0.063771 0.0138881 0.000222511 0.000924269
0 3.08064e-05 2.59174e-06 0.0016557 0.000510846 0.0149086 0.000497943 0.981663 0.000274656 9.85542e-05 0.000357582
0 6.41403e-06 1.99969e-06 0.000805926 0.000853617 0.000286428 0.00119794 0.996281 1.1185e-05 0.000545998 9.27365e-06
3 0.00361891 0.000104365 0.00749223 0.979695 0.00454097 0.000167703 0.00307125 0.000201888 0.000776165 0.000331657
5 8.76124e-05 3.86213e-05 0.000201347 0.00106967 0.951689 6.45529e-05 0.0456631 2.76242e-05 0.00114795 1.03988e-05
8 0.000848225 0.0731602 0.0277959 0.00179109 0.00113809 0.748635 0.00446982 0.00599534 0.102676 0.0334901
9 0.0145788 0.864185 0.011337 0.022232 0.00883989 0.0175058 0.0244684 0.00686356 0.00888899 0.021101
6 0.000242492 0.000196749 0.872596 0.00220766 0.00134622 0.00520454 0.115825 0.00091171 0.000798671 0.000670936
2 2.69602e-05 0.000246778 8.3479e-05 0.000453663 0.000978779 0.00973622 0.0079399 0.00129238 0.00133383 0.977908
3 4.88111e-06 2.40392e-06 1.75135e-05 0.994285 0.00128303 1.42599e-05 0.000192079 1.66285e-06 0.00416671 3.26062e-05
1 0.000942456 0.00144001 0.00100251 0.000293277 0.000180184 0.029027 0.00677676 0.807481 0.000225835 0.152631
0 6.90808e-05 1.47335e-05 0.00318923 0.000645044 0.0165419 0.00140112 0.976344 0.00076961 0.000152122 0.000872827
8 0.00824687 0.000979386 0.00773495 0.00832863 0.00841284 0.725444 0.118412 0.111384 0.00175217 0.00930422
2 7.7516e-05 0.00101527 0.000190781 0.000204401 0.000362466 0.0116516 0.00353903 0.227785 0.000702288 0.754472
7 4.97368e-07 0.000244891 0.000525275 6.33787e-05 1.72917e-05 0.000590823 3.16392e-05 1.2837e-06 0.998519 5.99664e-06
1 0.000286222 0.00105936 0.000526297 0.000505919 0.000530926 0.0224258 0.015199 0.565025 0.00103874 0.393403
8 8.50535e-06 0.000132751 0.000516143 3.08448e-05 1.64312e-05 0.994503 0.00236258 0.000429348 0.00034186 0.00165804
2 0.000102768 0.000664069 0.000187486 0.000257859 0.000177858 0.0226239 0.00382178 0.000465012 0.00493315 0.966766
1 0.000288156 0.00100334 0.00143417 0.000322842 0.000237016 0.335594 0.0169071 0.506007 0.000406977 0.1378
2 4.80304e-06 0.000346501 9.3432e-06 0.000427088 0.00102258 0.000285066 0.00141785 3.86115e-05 0.00244354 0.994005
3 0.00398528 0.000302643 0.00423185 0.957323 0.0216429 0.000211842 0.0081023 0.000409068 0.00272796 0.00106328
0 0.00181865 2.90089e-06 0.0058974 0.000169266 0.000191647 5.4902e-05 0.991824 3.03479e-05 8.68706e-06 2.66027e-06
3 0.000223612 0.000347338 0.00062604 0.876488 0.0280182 8.59932e-05 0.00121843 7.70182e-05 0.092347 0.000568867
0 0.000104098 3.8338e-05 0.0006296 0.00144696 0.00446754 5.9194e-05 0.992108 0.000565356 0.000126981 0.000454228
3 0.000258442 0.000103237 0.00116797 0.92844 0.00308177 5.74697e-05 0.0008266 1.51256e-05 0.0659679 8.18105e-05
4 0.994647 6.45357e-05 0.00308008 0.000245186 0.000469871 0.000116632 0.000564214 0.000122043 0.000287995 0.000402848
3 4.34402e-05 6.67998e-06 0.000161414 0.986093 0.0062487 5.75733e-06 0.00114245 1.58163e-06 0.0062951 2.25493e-06
9 0.000457783 0.862048 0.0816114 0.00741145 0.00334559 0.00303989 0.0139734 0.00169299 0.0225438 0.00387589
3 7.75744e-05 5.4701e-05 8.27094e-05 0.979512 0.0182512 9.41825e-06 0.0004152 2.01197e-06 0.00158477 1.07527e-05
8 0.00010442 0.00400859 0.000229088 0.000216034 0.000177121 0.607546 0.00485928 0.000255111 0.0218825 0.360722
1 0.000369917 0.000300979 0.000151708 0.000151931 0.000148941 0.00706895 0.00299653 0.956914 0.000138747 0.0317578
2 2.42018e-06 0.000522935 1.51776e-05 0.000172541 0.000307338 0.00372499 0.00120003 0.000241661 0.00200726 0.991806
2 0.00192175 0.00768032 0.00650502 0.00722677 0.00577366 0.0241659 0.209989 0.0724793 0.0310081 0.63325
5 0.00114472 0.000533441 0.00177042 0.0111634 0.701707 0.000695378 0.277978 0.000127635 0.00472873 0.000150794
9 0.000695688 0.785916 0.162665 0.00112452 0.00047129 0.0372813 0.00327337 0.000516131 0.00585201 0.00220439
2 0.27383 0.015455 0.0719066 0.00872398 0.00761451 0.0626299 0.0835623 0.144094 0.0072205 0.324963
1 0.00270293 0.00627042 0.00522302 0.00336947 0.00289219 0.127251 0.0275361 0.662092 0.00487763 0.157785
7 0.000279953 0.00288767 0.00597043 0.390173 0.0102309 0.000333433 0.000773762 0.000187787 0.588329 0.000833099
0 0.000135076 0.00587858 0.000928804 0.000313941 0.000361062 0.00511209 0.681148 0.276005 0.000447663 0.0296694
1 0.00204191 0.000604704 0.00148671 0.0011575 0.000454777 0.0187436 0.0235374 0.912517 0.000487096 0.0389694
5 0.000577747 9.97875e-05 0.000371649 0.0110351 0.968513 7.52415e-05 0.0189956 0.000104658 0.000161126 6.59572e-05
8 0.00176769 4.65864e-05 0.000128982 1.56551e-05 1.37679e-05 0.95675 0.00364538 0.0359665 1.59548e-05 0.00164991
8 0.000949711 0.000165007 0.0024974 0.0020108 0.00296685 0.704145 0.282286 0.0028275 0.00109907 0.00105289
8 1.24183e-05 1.25338e-05 4.05378e-05 7.79053e-06 1.61768e-05 0.992742 0.00246957 0.00440861 5.74406e-05 0.00023302
5 7.88395e-05 4.85427e-05 8.43914e-05 0.0142325 0.983507 3.64843e-05 0.000888759 1.29329e-05 0.00108729 2.31927e-05
2 0.000136605 0.00128845 0.000850289 0.000330381 0.000138824 0.0171443 0.00663303 0.284131 0.000250721 0.689097
4 0.985879 6.62957e-05 0.000627598 0.000176079 0.000253518 0.000770361 0.00257 0.00342477 0.000137469 0.00609442
0 0.00107018 3.58692e-06 0.00129891 0.000321868 0.00103395 7.07052e-05 0.99615 2.585e-05 1.88542e-05 6.00657e-06
4 0.970295 0.000135045 0.0141281 0.000352591 0.000240616 0.00155383 0.0083398 0.00274731 0.000298244 0.00190931
9 0.0222257 0.901426 0.011502 0.00404845 0.00174247 0.0135306 0.0139751 0.00485026 0.00558028 0.0211196
2 2.65068e-06 0.000524649 9.76733e-06 0.000624523 0.001278 0.00128266 0.000438322 3.92886e-05 0.0138487 0.981951
4 0.929902 0.00108918 0.00749381 0.0413232 0.00163801 0.00098607 0.0066842 0.00483127 0.000602414 0.00544962
8 0.000682284 6.65051e-05 0.000333373 0.000155914 0.000180241 0.87914 0.0234053 0.0881711 0.000126587 0.00773849
3 2.5211e-06 7.89253e-05 0.000141309 0.851336 0.00609714 0.000484968 0.000155854 4.24627e-06 0.141377 0.000322676
1 5.72502e-05 0.000142109 0.000117342 2.23736e-05 1.68041e-05 0.406601 0.00517958 0.564744 3.62635e-05 0.0230831
9 0.00033914 0.978204 0.000931035 0.000420461 0.000133424 0.00728616 0.00168838 0.000660501 0.00112968 0.00920756
6 2.08017e-05 4.25924e-05 0.837965 0.000560601 0.000439836 0.00271128 0.157376 0.000153495 0.000661358 6.88696e-05
8 6.1986e-05 3.8375e-05 0.000497045 6.96477e-05 3.81179e-05 0.927224 0.0685905 0.000945559 0.000287066 0.00224725
8 1.72092e-05 9.40959e-05 0.00014642 4.83352e-06 3.02769e-06 0.995276 0.000828951 0.00146147 5.83025e-05 0.00210995
3 2.84785e-06 4.99465e-06 9.4072e-05 0.984438 0.00236918 0.000576764 0.000915122 6.71649e-06 0.0112237 0.000368612
4 0.983041 0.00019413 0.00474176 0.00199873 0.00541586 0.000156158 0.00277646 0.00033144 0.000756986 0.000586991
1 0.00343246 0.00239548 0.0234324 0.00287372 0.00139333 0.151983 0.0440733 0.75306 0.00100758 0.0163489
8 7.41307e-05 4.29144e-05 8.18401e-05 3.30275e-06 3.26662e-06 0.995401 0.00116887 0.00225393 2.46137e-05 0.000946595
3 8.84503e-06 5.76064e-06 8.98337e-06 0.993309 0.00515973 9.23611e-06 0.000967973 1.92138e-06 0.000518589 1.01698e-05
7 8.3324e-05 0.00101792 0.00187324 0.0190552 0.000688077 0.000321961 0.000111838 6.16408e-05 0.976716 7.08608e-05
8 0.000535588 0.0773778 0.0013001 0.000698232 0.000604503 0.574115 0.00135059 0.00332448 0.00222289 0.338471
2 3.02934e-05 0.0328914 0.000401334 4.12748e-05 2.8244e-05 0.0808418 0.00284554 0.00195318 0.000829142 0.880138
0 1.743e-05 6.45953e-06 0.00712835 5.0246e-05 2.2512e-05 0.00102135 0.991697 1.74774e-05 1.57638e-05 2.36762e-05
6 0.00351266 0.0103274 0.485418 0.00902793 0.0198523 0.0250792 0.292491 0.00229116 0.14969 0.00231096
1 7.60762e-05 0.00195775 0.00160286 0.000263787 0.000181736 0.0579275 0.00501597 0.595396 0.00115935 0.336419
3 0.0033424 0.000156027 0.00629248 0.952645 0.00866896 0.000248389 0.0277762 0.000170598 0.000590846 0.000108938
5 5.93197e-05 0.000115236 0.00189794 0.0134249 0.940627 0.0005537 0.0408325 0.000609224 0.00125069 0.000629205
5 0.000131203 0.000447384 0.00358325 0.00148231 0.963784 0.000844385 0.0249189 0.00121691 0.00135488 0.00223672
8 0.000631807 0.000225869 0.000394385 4.50627e-05 3.10682e-05 0.973399 0.0112577 0.00757907 8.299e-05 0.00635269
7 7.65851e-05 7.73492e-05 0.0096865 0.000225387 6.12598e-05 0.000392907 4.33779e-05 9.15247e-06 0.989412 1.51697e-05
2 0.00126908 0.000901692 0.000386389 0.000783932 0.000458052 0.0174457 0.015519 0.44412 0.000303991 0.518812
1 0.000874869 0.000565719 0.000832307 0.000451013 0.000536808 0.0780732 0.00828545 0.873761 0.000415059 0.0362049
2 0.00019477 0.00871054 0.00597952 0.000118094 4.50395e-05 0.109414 0.00725901 0.0323051 0.000792876 0.835181
9 2.36195e-05 0.981297 0.0026821 0.000152341 8.82698e-05 0.00220734 0.00209711 0.00274217 0.000535323 0.00817423
4 0.938595 0.000194036 0.0155212 0.00325228 0.0186668 0.000583953 0.0211218 0.000337692 0.00143792 0.000289262
1 0.00922935 0.00190966 0.00220798 0.00589752 0.00702446 0.037164 0.0206384 0.77781 0.00194168 0.136177
5 0.00555894 0.00387117 0.00332991 0.0479994 0.827841 0.00480252 0.0455562 0.00970987 0.00607692 0.0452542
0 3.18665e-05 3.24607e-06 0.0004452 0.00223404 0.000729189 1.66573e-05 0.996486 9.71995e-06 3.69281e-05 7.18674e-06
8 6.0798e-05 0.000494737 0.000108681 8.86137e-06 7.17093e-06 0.982653 0.0020817 0.0067671 8.74877e-05 0.00773041
0 0.00364141 5.72597e-05 0.406175 0.00187029 0.00196073 0.00979754 0.570636 0.00509529 0.000160406 0.000606028
1 0.0389313 0.0128512 0.015111 0.219281 0.067643 0.0291255 0.172305 0.256535 0.00957411 0.178643
5 0.00045448 0.000465418 0.00152627 0.00809201 0.824136 0.000565357 0.162442 0.000154943 0.00198068 0.000182359
1 0.000243093 0.000349268 0.00025488 0.000144378 0.000126481 0.0775478 0.00115849 0.903733 0.000225079 0.0162174
0 3.91789e-05 1.45222e-06 0.00219829 0.000155362 4.8884e-06 0.00149133 0.996048 1.98098e-05 2.94507e-05 1.19095e-05
7 5.1671e-07 7.85837e-07 6.80956e-07 0.00111834 7.36185e-06 1.39726e-05 7.11203e-07 8.2926e-07 0.99885 7.27985e-06
9 0.000376995 0.864633 0.00332224 0.00395237 0.00120699 0.0199734 0.00292567 0.00114067 0.00902946 0.0934394
8 0.000817898 0.00211716 0.000519378 0.000316277 0.000306661 0.455625 0.00227704 0.389678 0.000432901 0.14791
4 0.98012 0.000967877 0.0010082 0.00192105 0.00531183 0.000750752 0.00430184 0.00176394 0.000390759 0.00346341
4 0.985104 0.000150436 0.0035993 0.000447846 0.00037132 0.00123426 0.00480998 0.00168675 0.000214974 0.00238106
1 0.000586978 0.000944523 0.000769587 0.000508435 0.000571334 0.0368626 0.00218059 0.914572 0.000603152 0.0424009
7 6.00826e-06 0.000700974 5.66491e-05 0.00595802 7.80269e-05 7.65439e-05 7.50801e-06 8.9187e-06 0.993032 7.53162e-05
6 0.00011764 9.17103e-05 0.915295 0.00123592 0.00330665 0.000115634 0.0764871 0.000173304 0.0031314 4.61363e-05
7 4.22824e-06 5.57808e-06 9.37543e-06 0.0045094 0.000187628 5.1583e-06 6.0939e-07 1.30595e-06 0.995275 1.88926e-06
2 0.0108179 0.0937583 0.0138066 0.0236786 0.0281414 0.0602884 0.1388 0.0256796 0.108559 0.49647
6 2.24734e-05 1.13466e-05 0.988845 0.00148168 0.000695398 0.000205287 0.00850137 0.000114127 6.96814e-05 5.33495e-05
3 0.00546786 0.0175158 0.0145223 0.628938 0.237097 0.00763825 0.0388188 0.00459001 0.0184952 0.0269174
8 0.0427291 0.00201831 0.00797686 0.000536108 0.00045674 0.468877 0.00806246 0.448438 0.000684237 0.0202207
9 3.97217e-05 0.95972 0.0268963 0.000250809 7.22914e-05 0.00684315 0.00278562 0.0001766 0.00230883 0.000907133
0 0.00267043 0.00111568 0.0418734 0.0616405 0.13257 0.00390302 0.749612 0.00158337 0.00311474 0.00191752
1 0.00325692 0.000521371 0.00440233 0.00163207 0.000701 0.030172 0.134365 0.813221 0.000525075 0.0112025
7 0.00127147 0.00309856 0.0027625 0.00700837 0.0087198 0.107258 0.0219664 0.00290434 0.775487 0.0695236
1 0.000662288 0.000799171 0.000526322 0.000460187 0.000500972 0.0442446 0.00350264 0.884119 0.000365238 0.0648199
2 0.000166393 0.00288557 0.000299606 0.000687138 0.000314384 0.263742 0.0119686 0.000670862 0.00288657 0.716379
4 0.987622 0.000159319 0.00583409 0.00328385 0.000429928 0.000290107 0.00133411 0.000152406 0.000243103 0.000651218
6 4.2015e-05 2.99632e-05 0.982663 0.00042304 0.00027605 0.00136251 0.0146143 0.000318734 0.000142551 0.000127976
8 0.044285 0.00188189 0.0203842 0.00114233 0.000987696 0.600561 0.0265107 0.295955 0.0020445 0.00624802
1 0.000685757 0.00581114 0.00103738 0.000716073 0.000624288 0.124092 0.0040062 0.725279 0.00120601 0.136542
1 0.0214449 0.00435099 0.00456437 0.000900697 0.000899736 0.140628 0.0120925 0.764486 0.00152521 0.0491073
6 0.000152947 0.00996307 0.949883 0.000214699 0.000133638 0.0286337 0.00419488 0.000781072 0.00102389 0.00501876
4 0.966176 0.000627711 0.00516826 0.000604178 0.000376478 0.00169914 0.00250436 0.00285099 0.000698151 0.0192947
4 0.686432 0.0175173 0.0471457 0.0219053 0.0157579 0.0153493 0.0523658 0.0256282 0.00801739 0.109881
6 2.10788e-05 2.43177e-05 0.7715 0.000111347 6.0764e-05 0.00248905 0.225488 3.82739e-05 0.000264674 2.78795e-06
9 0.00150294 0.546645 0.314919 0.00318658 0.00169042 0.0409321 0.0652387 0.00781496 0.00953165 0.00853778
7 2.42398e-05 0.00219942 0.00118031 0.00112201 4.64972e-05 0.000962367 8.87093e-05 1.28447e-05 0.994297 6.61093e-05
2 0.162906 0.0499763 0.169969 0.0371386 0.00813383 0.0201544 0.0587594 0.0411829 0.0177899 0.43399
6 3.38656e-05 2.54452e-05 0.951628 8.70725e-05 4.75218e-05 0.00958954 0.0373447 0.000905712 0.000134866 0.000203455
3 2.7882e-05 6.22398e-06 0.000481712 0.990391 0.00363077 3.92756e-05 0.0029046 9.77659e-06 0.00246914 3.94543e-05
4 0.927556 0.0029123 0.0452947 0.00164628 0.00190892 0.00715396 0.00889012 0.000440516 0.00365295 0.000543895
3 0.00427109 0.0932594 0.0224876 0.800108 0.0206167 0.00351738 0.0132719 0.00254688 0.0255237 0.0143974
6 3.99368e-06 2.80956e-06 0.994571 0.000414499 0.000223 0.000347199 0.00410727 0.000135962 0.000129002 6.56369e-05
4 0.965526 0.000758846 0.00388553 0.00163809 0.0129034 0.00186005 0.00876547 0.00153376 0.00054174 0.00258725
6 5.43543e-06 3.19076e-06 0.994258 0.00157765 0.00038852 6.50919e-05 0.00353934 3.82927e-05 0.000118994 5.5145e-06
6 2.00821e-05 1.84438e-05 0.925005 0.00053943 0.000569199 0.000722518 0.0726365 0.000318628 9.85144e-05 7.16929e-05
4 0.82612 0.00687637 0.0132267 0.0132034 0.0427235 0.00432136 0.032889 0.0315081 0.00289808 0.026233
1 0.00707442 0.0475627 0.0555992 0.00220025 0.00164396 0.242216 0.0263544 0.479378 0.00702682 0.130944
6 2.80115e-05 1.54081e-05 0.987384 0.000890949 0.000728778 0.000134453 0.0104833 0.000142514 0.000113793 7.85184e-05
4 0.443967 0.0140104 0.0485376 0.00661046 0.00534122 0.134214 0.048164 0.0744697 0.00549682 0.219189
7 8.61972e-07 1.70564e-05 6.07806e-06 0.000471369 3.71285e-06 0.000191289 1.2688e-05 4.83203e-06 0.999259 3.30437e-05
3 0.000319936 5.61163e-05 0.00111498 0.9806 0.00883262 0.000108407 0.00603579 6.43277e-05 0.00270929 0.000158292
7 7.26846e-05 0.000909432 0.000537557 0.0222829 0.0108731 0.000172714 0.000501422 0.000142713 0.943729 0.0207784
8 6.12849e-07 1.01168e-06 1.67595e-06 6.21112e-07 4.80128e-07 0.998339 0.000450589 0.000518507 0.000172348 0.000515547
3 0.0992709 0.000458919 0.0130215 0.83311 0.0239299 0.000926285 0.0198043 0.00606952 0.000611655 0.00279742
4 0.992169 0.000105895 0.00516758 0.000126145 0.000541702 0.000202157 0.000839213 0.000173429 0.0002966 0.000377886
1 0.000256835 0.000458046 0.000364748 0.000528785 0.000359719 0.00175366 0.0276961 0.850174 0.000242068 0.118166
9 7.81635e-05 0.973387 0.00192042 9.3492e-05 4.97685e-05 0.00553225 0.000388799 0.000302794 0.00261794 0.0156296
6 6.78578e-05 3.70414e-05 0.981194 0.000780986 0.000574074 0.000151465 0.0169765 8.86741e-05 0.000111182 1.82542e-05
3 0.113278 0.000264436 0.0277866 0.830102 0.00749858 0.000506824 0.0173843 0.00103306 0.00109236 0.00105311
6 0.00063444 0.000141501 0.917725 0.00093006 0.00208739 0.00261175 0.0743097 0.000888484 0.000496178 0.00017597
2 1.87374e-06 0.000119712 7.36518e-06 5.32634e-05 0.000147036 0.000409934 0.0009597 5.70425e-05 0.00142012 0.996824
4 0.957239 0.000438769 0.0201267 0.00437002 0.00902391 0.000313634 0.00522517 0.000645873 0.00168586 0.000930924
4 0.924507 0.00218864 0.0171929 0.00373988 0.000778287 0.0109723 0.0102013 0.00286902 0.00204266 0.0255084
6 0.00627843 0.0288281 0.322341 0.0122369 0.00901966 0.242502 0.19769 0.105963 0.0327789 0.0423621
8 6.38724e-05 0.000116716 6.86574e-05 9.04047e-06 7.85121e-06 0.986128 0.00468341 0.00645854 4.15026e-05 0.00242269
2 0.000902047 0.00385588 0.00160008 0.00654095 0.00963294 0.0738324 0.014834 0.00500378 0.108202 0.775596
6 0.00015633 4.26063e-05 0.994642 0.000797875 0.000707823 0.0001862 0.00309485 0.000249057 4.52905e-05 7.80758e-05
5 2.71105e-05 1.0522e-05 2.68691e-05 0.00431978 0.993773 7.3303e-05 0.00137084 6.50421e-05 0.000191308 0.000142705
2 0.000584719 0.0091524 0.00284571 0.00130798 0.00074964 0.0751679 0.0279379 0.0025193 0.00855202 0.871182
7 0.00103073 0.00562075 0.00572579 0.359241 0.00759298 0.0631843 0.0178701 0.00128407 0.435605 0.102846
4 0.995481 3.65678e-05 0.000533033 0.000135998 0.000166338 0.000278313 0.00136413 0.000509279 7.45392e-05 0.00142119
3 4.6709e-06 2.66306e-06 4.83065e-06 0.996398 0.00252822 2.87582e-05 0.000824781 8.11791e-06 0.000174474 2.59097e-05
4 0.967978 0.000446417 0.0174739 0.0018073 0.00318656 0.000543939 0.00239945 0.00151273 0.000710091 0.00394198
5 7.38873e-05 2.21621e-05 0.000174426 0.000880517 0.983275 5.48395e-05 0.0153815 5.73813e-05 6.63857e-05 1.39778e-05
3 0.00025783 7.6851e-05 0.00573413 0.962164 0.00826864 0.000158802 0.0227085 5.0264e-05 0.000537782 4.29357e-05
0 8.93686e-07 1.96495e-06 7.10828e-05 1.78163e-05 0.000950943 4.18084e-05 0.998793 4.74391e-05 5.44763e-05 2.05218e-05
4 0.981444 0.000788877 0.00549468 0.000986677 0.00125486 0.000817484 0.0023078 0.0013254 0.000504635 0.00507607
5 0.000110757 0.000249547 0.002949 0.0767808 0.879983 0.000121662 0.02572 0.000321352 0.0123428 0.00142077
5 0.00963531 0.0289756 0.0242775 0.23361 0.631705 0.00357784 0.0263829 0.00142386 0.0379804 0.00243144
