labels 0 5 4 2 1 3
5 0.0391501 0.442005 0.129338 0.0471471 0.247382 0.0949775
1 0.368118 0.0265393 0.0794777 0.0304338 0.465333 0.0300985
1 0.367683 0.0112025 0.0316481 0.0194868 0.561508 0.00847203
1 0.435817 0.0138304 0.01661 0.0398104 0.483006 0.0109264
1 0.401905 0.0214575 0.0399778 0.0284031 0.482609 0.0256473
1 0.415071 0.0311038 0.0340201 0.0428666 0.453338 0.0236003
1 0.401951 0.0270319 0.0249164 0.0337959 0.493316 0.0189888
5 0.0456344 0.372501 0.106035 0.0515014 0.316676 0.107652
1 0.178943 0.130916 0.0983314 0.0617341 0.442401 0.0876749
1 0.405951 0.0176988 0.0323751 0.0280871 0.496982 0.0189051
1 0.0721951 0.203905 0.09374 0.045849 0.460809 0.123501
1 0.390058 0.00643394 0.0183916 0.0208502 0.556282 0.0079839
1 0.0570519 0.266614 0.158043 0.0628049 0.318432 0.137054
1 0.443781 0.0116205 0.0168454 0.0271186 0.48136 0.0192741
5 0.0414093 0.419406 0.0638211 0.0402143 0.301808 0.133341
5 0.0112197 0.761053 0.0505071 0.0346214 0.0763158 0.0662829
1 0.409316 0.0144301 0.0222362 0.0300121 0.509242 0.0147642
1 0.409745 0.0167934 0.0240963 0.0293385 0.499155 0.0208711
1 0.402495 0.0238652 0.0376952 0.0324121 0.480801 0.0227318
5 0.0422839 0.400934 0.0778842 0.0439666 0.29964 0.135292
1 0.337577 0.0497147 0.0664666 0.0414153 0.425087 0.0797391
1 0.392218 0.0105919 0.0155837 0.0196029 0.549153 0.0128497
1 0.374221 0.0281533 0.0755811 0.0315441 0.46328 0.0272204
1 0.428582 0.0153544 0.0183699 0.0299693 0.491835 0.0158899
1 0.407935 0.0139584 0.0242607 0.027948 0.510894 0.0150039
1 0.414102 0.0360291 0.0435693 0.0412979 0.425508 0.0394937
1 0.412189 0.0297028 0.0363156 0.0365929 0.452121 0.0330784
1 0.410571 0.015616 0.0212134 0.0315625 0.504415 0.0166226
1 0.162524 0.0895043 0.0879044 0.0520661 0.489587 0.118414
0 0.459647 0.0134778 0.0187282 0.0359827 0.459152 0.0130115
1 0.416494 0.0154571 0.0233127 0.0290115 0.491624 0.0241007
0 0.36299 0.0970486 0.0813483 0.0727543 0.330698 0.0551614
4 0.0703909 0.21858 0.245212 0.0939013 0.218955 0.152961
1 0.374566 0.0290487 0.0580779 0.0336805 0.445674 0.0589538
0 0.459191 0.0137718 0.0161596 0.0408612 0.459172 0.0108445
1 0.404611 0.0214733 0.0366845 0.0305845 0.484585 0.0220619
1 0.406642 0.0230764 0.0231806 0.0335008 0.491885 0.0217152
5 0.0430097 0.815521 0.0100633 0.0282101 0.0643233 0.0388728
1 0.412823 0.0172069 0.0253841 0.0290181 0.492755 0.0228127
1 0.36912 0.0215345 0.0625276 0.0273295 0.473879 0.0456095
1 0.40886 0.0163058 0.0277008 0.0269719 0.498533 0.0216288
1 0.369679 0.0125993 0.0514835 0.0207579 0.531124 0.0143571
1 0.3896 0.017541 0.0431196 0.0231005 0.511769 0.0148695
