labels 4 9 6 3 5 8 0 1 7 2
8 0.000128176 0.000324874 0.0050152 0.000439191 0.000252443 0.846213 0.128779 0.00562154 0.000826561 0.0123998
8 0.00260913 0.00053586 0.0065478 0.00137647 0.00107258 0.819385 0.0963324 0.0603496 0.000690333 0.0111013
1 0.00166282 0.000746437 0.00447566 0.00580015 0.00171681 0.00907325 0.0907875 0.732866 0.000849065 0.152023
0 0.00420749 0.00865605 0.0455443 0.0104542 0.00534075 0.236817 0.340043 0.172196 0.00691288 0.169829
8 0.000219789 0.000865078 0.0263778 0.00054705 0.000253904 0.84406 0.0671951 0.042571 0.000832973 0.0170777
6 0.0100788 0.1604 0.434568 0.0104226 0.00343899 0.229877 0.0147367 0.0160501 0.0327357 0.0876917
9 0.00108411 0.919853 0.0430443 0.0035193 0.00342048 0.00457873 0.00656983 0.00119438 0.00846631 0.00826907
3 0.0466828 0.000260055 0.0234442 0.90064 0.00600267 0.000916143 0.0164207 0.000279817 0.00442403 0.000929842
2 0.000322079 0.00681367 0.000877756 0.00187907 0.000525454 0.0317669 0.00526565 0.000465588 0.0412353 0.910849
1 0.000306445 0.00446394 0.00716 0.000939588 0.000252594 0.229676 0.0243198 0.521248 0.000559441 0.211074
4 0.978228 0.000192976 0.00845653 0.00104558 0.00109431 0.000819859 0.00700652 0.00146105 0.000191324 0.00150354
0 0.000119441 2.16423e-05 0.00870681 0.000242295 0.000465531 0.000846244 0.989075 6.37316e-05 2.68266e-05 0.000432072
7 0.000364777 0.0185367 0.00784066 0.0051152 0.000728814 0.0246929 0.00279112 0.000385112 0.888567 0.0509782
9 0.00171863 0.803554 0.0124779 0.00828748 0.000618638 0.0673565 0.00267268 0.00187728 0.0328402 0.0685967
7 2.3915e-05 7.57144e-05 0.000107891 0.0110318 0.0195147 0.000494347 0.0019362 1.46048e-05 0.966474 0.00032704
2 0.00379104 0.015008 0.00487179 0.0355169 0.26295 0.0111154 0.0531789 0.023157 0.0280868 0.562324
8 0.00058897 0.00207833 0.00221314 0.000588304 0.00062559 0.620251 0.0102441 0.259859 0.00194469 0.101607
9 5.37696e-06 0.991109 0.00203502 0.000103034 0.000141196 0.00154338 0.000491982 6.44608e-05 0.00296318 0.00154331
2 0.00102861 0.0531076 0.00281557 0.0014018 0.00032344 0.043893 0.00888286 0.0999984 0.00182576 0.786723
2 0.00139774 0.301207 0.00346809 0.0047978 0.00341416 0.0145823 0.00443955 0.00197306 0.148702 0.516018
4 0.84836 0.00187436 0.0652906 0.0168297 0.0265725 0.00240078 0.0261877 0.00449133 0.0021116 0.005881
8 0.000165097 0.000279471 0.00786888 0.000321996 0.00011273 0.917265 0.0593338 0.00699721 0.000517019 0.00713829
2 0.00150291 0.00336592 0.00353716 0.0490302 0.225358 0.00364432 0.0155136 0.002145 0.129566 0.566336
8 0.000327883 0.000198825 0.00110324 0.000126798 5.38573e-05 0.88381 0.00915678 0.0946675 9.35621e-05 0.0104619
4 0.808995 0.00246674 0.0578493 0.00428197 0.00131981 0.0372333 0.0405871 0.0286475 0.00175776 0.016861
0 0.00160482 0.00116914 0.0098501 0.0100179 0.00236506 0.280044 0.553248 0.0589975 0.00137848 0.0813259
7 0.00224208 0.0890696 0.0605425 0.096782 0.0119557 0.0134986 0.0266727 0.00258829 0.682032 0.0146163
1 0.00121633 0.00549785 0.0119561 0.00108215 0.00115064 0.0444907 0.0130816 0.856404 0.000876957 0.0642432
1 0.000948324 0.00106437 0.00214014 0.000646318 0.000943476 0.13322 0.00970964 0.788397 0.000664391 0.0622669
5 0.00156672 0.00490476 0.00382815 0.220013 0.678822 0.00349316 0.0249187 0.00487004 0.00871846 0.0488648
9 0.00016529 0.787314 0.125134 0.000483349 0.000145793 0.0329558 0.00172607 0.000275356 0.0433527 0.00844733
6 2.70336e-05 1.64752e-05 0.987602 0.0010399 0.000303834 0.000557903 0.0100033 0.000157407 2.69488e-05 0.000264772
4 0.853522 0.00129075 0.131101 0.00359867 0.000304922 0.00202728 0.00249741 0.000724891 0.00233115 0.00260227
5 1.78639e-05 8.80473e-06 6.61372e-05 0.00654678 0.987379 1.1771e-05 0.00574231 1.52768e-05 3.18207e-05 0.000179954
6 6.72814e-05 6.99785e-06 0.979777 0.00517823 0.000722379 0.000580474 0.0133894 0.000109972 3.74831e-05 0.000130823
8 4.34222e-05 0.000138397 0.00234952 0.000119585 5.513e-05 0.920234 0.0703468 0.00111058 0.000648637 0.00495437
9 0.0531607 0.30559 0.0791492 0.0638554 0.0124191 0.175214 0.069636 0.0518312 0.0509319 0.138213
1 0.00178376 0.000635283 0.00504166 0.00334001 0.00129986 0.0117132 0.0319225 0.878761 0.000504195 0.0649984
6 2.36627e-05 5.98009e-06 0.939429 0.00152855 0.000349308 0.0021803 0.0556577 0.00017191 0.000179086 0.00047463
8 6.174e-05 0.000145683 0.00194671 9.68632e-05 3.34646e-05 0.961805 0.025433 0.00439651 0.0002998 0.00578159
4 0.827878 0.00227434 0.10465 0.00425223 0.0103373 0.00427827 0.0378806 0.00439284 0.00153844 0.0025184
9 0.000208255 0.955214 0.00875175 0.000419404 0.000384092 0.0089315 0.00179563 0.000877546 0.00759405 0.0158236
8 7.59709e-05 0.000332434 0.00110948 5.77493e-05 4.14016e-05 0.965363 0.00879618 0.0127503 0.000337147 0.0111367
4 0.985238 0.000252178 0.00792462 0.000460591 0.0019978 0.000277402 0.00275189 0.000356231 0.000263434 0.000478144
7 1.41209e-05 1.57751e-05 0.000732236 0.461137 0.00129757 0.000151468 0.00146966 1.24276e-06 0.535143 3.73289e-05
4 0.972991 0.000317932 0.0152992 0.000580695 0.00223321 0.000624722 0.00611193 0.000697383 0.000381519 0.000762069
5 9.24863e-06 6.24154e-06 0.000135219 0.00134681 0.98539 8.22887e-06 0.0130214 1.63535e-05 1.99177e-05 4.69233e-05
4 0.967179 0.000492913 0.0161557 0.00168302 0.00632448 0.000388232 0.00538446 0.000792525 0.000538134 0.00106133
3 0.0130946 0.000504469 0.0131657 0.952066 0.00734053 0.000453203 0.00347817 0.000159769 0.00847615 0.00126121
8 0.00100649 0.0024989 0.00243967 0.00135583 0.00084358 0.340376 0.148812 0.271895 0.00268125 0.228091
8 2.9446e-05 0.00142815 0.000619892 2.25e-05 8.60088e-06 0.933031 0.00105681 0.00255313 0.00164231 0.0596085
1 0.00139118 0.000501897 0.00409499 0.00339003 0.00128025 0.00833766 0.018528 0.902677 0.000380853 0.0594185
0 0.000173437 0.000396886 0.0500993 0.00262402 0.00591962 0.0232166 0.904521 0.00186809 0.000930208 0.0102508
7 0.00291262 0.116641 0.120639 0.0328659 0.0147739 0.0509723 0.0953125 0.00568316 0.457082 0.103117
0 8.00469e-05 0.00016672 0.113719 0.00397338 0.010228 0.00394186 0.863753 0.000336996 0.00076203 0.00303913
0 2.26312e-05 1.64645e-05 0.00111164 0.000208599 0.000734504 0.00216474 0.992158 0.000276915 0.000300737 0.00300528
2 8.03209e-05 0.0723687 0.00062171 0.000370288 0.000211173 0.049679 0.00143668 0.00234378 0.0129529 0.859935
4 0.963996 0.000381452 0.0160165 0.00184206 0.000242734 0.00234331 0.00646188 0.00501172 0.000251005 0.00345325
5 0.000272559 0.000110071 0.00143042 0.183463 0.8038 0.000251591 0.00616563 0.000228491 0.00127907 0.00299943
9 1.14127e-05 0.898216 0.00711922 5.7907e-05 3.75228e-05 0.00504097 0.000340545 2.01336e-05 0.0877578 0.00139877
4 0.979927 0.000327681 0.00987692 0.00117977 0.00320177 0.000349966 0.00334943 0.000545612 0.000382401 0.000859837
6 6.82304e-05 3.25162e-05 0.934537 0.00482165 0.00574395 0.00119695 0.0513843 0.000546284 0.000183375 0.00148583
9 4.1687e-05 0.761837 0.00262002 0.000330279 0.000187314 0.0165317 0.0010471 0.00160948 0.0144557 0.20134
3 0.000218503 0.000632556 0.00548308 0.776884 0.0367305 0.003553 0.019693 0.000120095 0.152677 0.00400916
2 0.00105495 0.0351686 0.00803724 0.00110817 0.000635508 0.228815 0.0085325 0.31881 0.00272091 0.395118
9 4.61312e-05 0.970379 0.00303455 0.000305966 0.000145611 0.00444829 0.0010802 0.000455171 0.00467009 0.0154353
4 0.834696 0.00243534 0.0512542 0.00441366 0.00297999 0.0195994 0.0543707 0.0173428 0.00169648 0.011212
1 0.00178036 0.0119568 0.0189982 0.00208048 0.00248511 0.0866736 0.0482944 0.505184 0.00254108 0.320006
6 0.000315965 0.213771 0.702153 0.00262165 0.000228141 0.0334676 0.00994638 0.000623483 0.0279623 0.00891038
3 0.0532062 0.00273931 0.0279461 0.770597 0.0537782 0.00346048 0.0571203 0.0156767 0.00211617 0.0133592
8 4.43466e-05 5.48951e-05 0.000939652 0.000147128 5.26979e-05 0.603555 0.384694 0.00400599 0.000117617 0.00638874
9 0.000173663 0.919575 0.0508482 0.0008642 0.000657013 0.00595897 0.00390015 0.000532551 0.0117808 0.00570971
5 7.07224e-05 3.71279e-05 0.000156577 0.0143488 0.979622 8.5837e-06 0.00556246 1.70446e-05 7.88243e-05 9.75991e-05
2 0.000110392 0.00819788 0.000494037 0.00160917 0.000591739 0.0261393 0.00361041 0.000271969 0.0944375 0.864538
3 2.94417e-05 6.96061e-06 0.000864152 0.987509 0.00628736 3.65815e-05 0.00488126 9.87669e-06 0.000321874 5.38157e-05
6 0.000104245 2.19082e-05 0.977198 0.0113984 0.00178435 0.000365223 0.00885762 0.000108102 4.51469e-05 0.000117002
5 8.97177e-05 2.03833e-05 0.000152828 0.0133864 0.977412 1.4852e-05 0.00799633 2.19053e-05 0.000692124 0.000213077
3 0.000777684 0.000141432 0.00544709 0.957022 0.0144641 0.000320557 0.0190458 0.000125806 0.00205803 0.000597232
6 0.000347509 3.85126e-05 0.888642 0.00698858 0.0045889 0.00226522 0.0945008 0.00129923 0.000101148 0.0012278
0 7.48036e-05 2.98549e-05 0.0352573 0.00113633 0.000287206 0.086026 0.874933 0.000235094 0.000170552 0.00185027
0 0.0118522 0.000378227 0.0246159 0.00199285 0.00138565 0.196472 0.725753 0.018198 0.000743404 0.0186086
7 2.9971e-05 0.00131553 0.000376388 0.000263243 6.86358e-05 0.00212208 0.000161616 8.19761e-06 0.995191 0.000463091
7 0.013333 0.0194658 0.0521897 0.131502 0.0794884 0.00271507 0.00688788 0.00172268 0.688458 0.00423765
8 0.0444703 0.00989832 0.0665352 0.0025567 0.000790655 0.672016 0.0343484 0.126644 0.00559274 0.0371478
2 0.00226023 0.166303 0.0882727 0.0748824 0.00926221 0.0766105 0.0743906 0.0285698 0.0683104 0.411138
9 0.000604985 0.799515 0.131543 0.00539098 0.00396647 0.00908396 0.0240595 0.00427527 0.00875415 0.0128068
2 5.9005e-05 0.0342575 0.00120966 0.00200315 0.00129008 0.0130015 0.00500796 0.00283687 0.0196943 0.92064
4 0.959116 0.000220331 0.0255342 0.00976393 0.000610101 0.00060597 0.00229424 0.000449323 0.000341546 0.00106428
5 0.00347941 0.00215915 0.00351762 0.127839 0.782334 0.00390729 0.0292718 0.00897528 0.00355685 0.0349598
8 0.000334774 0.00574277 0.0157907 0.000797555 0.000463092 0.561747 0.0263128 0.310426 0.00117089 0.077214
2 0.000789582 0.00667629 0.00237884 0.000855573 0.000885015 0.179399 0.00635819 0.245912 0.00191159 0.554834
7 5.35671e-05 0.000975478 0.00136589 0.00152771 4.27108e-05 0.00613409 0.00086119 2.22583e-05 0.987665 0.00135223
8 0.0611599 0.112644 0.0858134 0.00942747 0.00334302 0.464067 0.0166779 0.0413364 0.0293892 0.176141
6 8.91939e-05 2.13986e-05 0.970307 0.00213306 0.000817619 0.00213317 0.0209198 0.00130242 8.05619e-05 0.00219539
6 0.0345311 0.00746001 0.681085 0.093883 0.0155668 0.0063029 0.0193866 0.000756094 0.138473 0.00255536
2 0.000143738 0.0506956 0.000373454 0.000212464 0.000174868 0.321017 0.00123098 0.00343099 0.00938261 0.613338
6 0.000118227 1.99242e-05 0.978524 0.00888256 0.00177654 0.000605366 0.00954089 0.00022495 4.397e-05 0.000263395
2 7.33529e-05 0.017772 0.00048359 0.000515092 0.000261515 0.0474794 0.00411742 0.00154862 0.0168795 0.91087
1 0.00174807 0.020261 0.0120746 0.00155842 0.00155867 0.121666 0.0203285 0.577912 0.00289563 0.239997
5 0.00361063 0.000580953 0.00654143 0.139036 0.766927 0.00220998 0.0206875 0.0101551 0.00239448 0.0478576
0 0.000188755 3.82545e-05 0.00854028 0.058159 0.0534971 7.40883e-05 0.879107 4.13665e-05 7.08804e-05 0.000282914
8 0.000213839 0.000789123 0.00262707 0.000252975 0.000178903 0.938996 0.0208387 0.00827315 0.0018586 0.0259714
5 0.000904557 0.000848463 0.0281843 0.163994 0.742023 0.00151792 0.053974 0.000736443 0.0063664 0.00145114
6 0.000416644 0.000149982 0.9347 0.0213088 0.0173789 0.000428302 0.0240926 0.000677434 0.000220828 0.000626662
2 0.000423698 0.022183 0.00396751 0.000749744 0.000381527 0.129569 0.00475862 0.216226 0.00221783 0.619523
0 3.62545e-05 0.000119643 0.110206 0.0116192 0.0034625 0.00415604 0.858539 0.000169514 0.0102546 0.00143685
5 6.37605e-05 0.000144408 0.000410051 0.0489805 0.938098 0.00017883 0.00848041 0.000121579 0.00138067 0.00214229
2 0.000848971 0.0137379 0.00184218 0.000947945 0.000974075 0.124283 0.00357638 0.2089 0.00169107 0.643198
6 4.71317e-05 1.78037e-05 0.988424 0.00215166 0.000598743 0.00150914 0.00468191 0.000806088 7.35364e-05 0.00169001
7 9.83708e-05 0.00135959 0.00034735 0.00940593 0.00122043 0.00154317 0.000163472 3.01562e-05 0.984657 0.00117424
6 0.000423076 0.0886557 0.681217 0.00566328 0.000472618 0.00856503 0.0033854 0.00020849 0.209586 0.00182356
5 0.0616735 0.100601 0.216649 0.174899 0.279826 0.00736841 0.109551 0.0100234 0.0227969 0.0166127
8 0.00232142 0.016371 0.0802943 0.00981101 0.00349785 0.45462 0.187352 0.00563338 0.212284 0.0278153
6 0.000745222 0.000412485 0.710581 0.00809215 0.00197037 0.0478394 0.223556 0.00180338 0.00116301 0.00383662
1 0.00365249 0.00621812 0.149419 0.00749547 0.0067483 0.143626 0.307307 0.322843 0.00308717 0.0496037
3 0.00259544 0.00143449 0.00789699 0.52456 0.0978101 0.0225315 0.267249 0.00505964 0.0136748 0.0571882
6 7.02476e-05 1.14538e-05 0.936377 0.00109741 0.000630556 0.00366892 0.0574394 0.000276022 8.92649e-05 0.00033993
4 0.738385 0.0113079 0.199907 0.0068944 0.00138332 0.00465593 0.00735763 0.00156158 0.022714 0.00583266
5 3.57791e-05 1.88507e-05 0.000263952 0.00259889 0.979679 2.35282e-05 0.0168104 2.12274e-05 0.000367769 0.000180363
4 0.958974 0.0001824 0.0247326 0.00945292 0.00191055 0.000290186 0.0026859 0.000604779 0.000260227 0.000906401
0 0.000332309 0.000284094 0.0291445 0.00172977 0.0175015 0.00779734 0.85094 0.0682275 0.000310949 0.0237323
1 0.00123088 0.0199435 0.00659696 0.00128661 0.00140778 0.123408 0.0160488 0.459868 0.00269279 0.367516
5 0.00251309 0.00393249 0.00515093 0.219761 0.60739 0.00575779 0.0333695 0.0124329 0.00804546 0.101647
0 4.75174e-05 9.60916e-05 0.316971 0.00224555 0.00215592 0.0133895 0.66345 0.000215837 0.000274481 0.00115378
7 0.00288917 0.0359328 0.067932 0.0643853 0.0206366 0.058728 0.0831225 0.00675602 0.593391 0.0662265
8 4.00905e-06 0.00171508 0.00183889 3.30374e-05 5.58127e-06 0.970765 0.00185499 0.000945968 0.00614926 0.0166882
8 0.000608466 0.00078665 0.00371772 0.000626579 0.000465713 0.896978 0.0412719 0.034854 0.000844164 0.0198466
4 0.842065 0.00074035 0.128696 0.00634294 0.00117822 0.00191482 0.0161638 0.00100066 0.000782026 0.00111599
5 9.06961e-06 1.11815e-05 0.000112952 0.00111079 0.988048 3.08691e-05 0.010299 2.31549e-05 7.71864e-05 0.000278049
2 7.0072e-05 0.0678035 0.00538234 0.000548016 6.93124e-05 0.352761 0.00121702 0.00453369 0.0585086 0.509106
3 0.000450222 1.7444e-05 0.00219914 0.988655 0.00454034 0.000164864 0.00299752 1.32351e-05 0.00090661 5.5271e-05
0 0.000453009 5.29844e-05 0.0130912 0.0008426 0.00061433 0.00315046 0.980806 0.000121148 0.00013664 0.000732008
6 0.000183192 1.60654e-05 0.924321 0.00435787 0.00134536 0.00128463 0.0679167 0.000244304 4.63305e-05 0.000284847
6 6.27643e-05 1.44527e-05 0.977998 0.00386768 0.00327145 0.000245152 0.0140486 0.000136783 6.4115e-05 0.000291212
3 0.000291942 0.000846612 0.0063287 0.6777 0.0457277 0.000558321 0.0103861 0.000144274 0.256949 0.0010674
4 0.96161 0.000818901 0.00644417 0.00313728 0.012745 0.000960517 0.0082139 0.00289062 0.000325887 0.00285324
3 1.88957e-05 2.23867e-05 0.000668576 0.987341 0.00741932 0.000225839 0.00280881 2.02867e-05 0.00102196 0.000453031
7 2.591e-06 9.63516e-06 3.37791e-05 0.0267015 0.000118682 6.15909e-05 0.000105963 2.59739e-07 0.972915 5.12581e-05
9 2.01872e-05 0.975744 0.010597 9.22003e-05 6.71777e-05 0.00322026 0.000501177 3.8395e-05 0.00829873 0.00142087
4 0.778363 0.00408546 0.185938 0.00631126 0.00778421 0.000928903 0.00857879 0.000685376 0.00608008 0.00124533
5 0.000299861 0.000139442 0.00501469 0.142556 0.82888 0.000309766 0.0193696 0.000151904 0.00299725 0.000280966
9 5.83399e-05 0.972498 0.00606691 0.000125765 8.16186e-05 0.00928278 0.000795134 0.000119287 0.00752344 0.00344835
7 0.00165128 0.0429959 0.360617 0.141266 0.0197671 0.0100354 0.0259085 0.00215965 0.385849 0.00974961
1 0.00271413 0.00133997 0.00434715 0.00075357 0.0010717 0.189089 0.010516 0.739578 0.000641505 0.0499491
2 0.00041268 0.0426593 0.0073662 0.00464281 0.000644532 0.0371116 0.0128647 0.0730675 0.00536191 0.815869
4 0.982917 0.000553846 0.0104509 0.000810834 0.00030102 0.000505371 0.000677262 0.000932911 0.000405949 0.00244445
6 0.00175771 0.2706 0.527077 0.00456219 0.000493347 0.0271074 0.00742186 0.000483512 0.151283 0.00921404
1 0.000943772 0.000466481 0.00483641 0.00216607 0.0014294 0.00818423 0.0461196 0.883044 0.000360903 0.0524489
9 0.000812764 0.93014 0.0304745 0.00287175 0.0048498 0.00366644 0.00700848 0.00144968 0.00981695 0.00890997
6 0.284479 0.0227 0.417152 0.0430774 0.00724712 0.0103905 0.0118088 0.00443078 0.188389 0.0103249
3 0.0230315 0.00304145 0.0306209 0.823605 0.0569251 0.00233493 0.0443671 0.00631029 0.00230701 0.00745688
0 1.22628e-05 9.25242e-06 0.328054 0.000360881 0.000897724 0.00129694 0.668464 6.15605e-05 0.000356197 0.000486782
1 0.00143017 0.00940181 0.0117352 0.00112765 0.00112667 0.152086 0.0235507 0.66326 0.00148067 0.134801
7 0.000319706 0.00378609 0.00893475 0.00164157 0.000594765 0.00412062 0.0004664 4.24803e-05 0.978748 0.00134593
8 0.000127176 0.000179297 0.00123991 0.000114641 6.99366e-05 0.928129 0.0144632 0.0397667 0.000158683 0.0157513
3 0.000180691 7.68911e-05 0.00254037 0.95573 0.0270045 0.000116574 0.00316908 1.39936e-05 0.0110284 0.000139236
5 0.000392719 0.000135633 0.00789609 0.194015 0.773595 0.00030327 0.022651 0.000290988 0.000434727 0.000286012
4 0.575174 0.00176633 0.221101 0.12448 0.0117354 0.00401179 0.0501031 0.00459806 0.00267487 0.00435584
8 0.000286186 0.00106656 0.000522348 0.000109781 9.18633e-05 0.485558 0.00563806 0.394182 0.000200334 0.112345
1 0.000575952 0.00121885 0.00185715 0.000992676 0.00056107 0.0609793 0.0595115 0.646414 0.00124393 0.226645
1 0.00113385 0.00171531 0.00797713 0.00695302 0.00156001 0.0231315 0.0692329 0.720879 0.00117866 0.166238
5 0.00020579 0.000127273 0.0061868 0.0362031 0.939253 0.000241706 0.016447 0.000423911 0.000367383 0.000544428
0 0.00116665 0.000324202 0.0105295 0.00175333 0.0230815 0.0186727 0.920403 0.00823692 0.0010486 0.0147839
4 0.953251 0.000374872 0.0137953 0.00152865 0.00037934 0.00424107 0.00485552 0.0143495 0.000321059 0.00690395
1 0.00246844 0.00162208 0.00783822 0.00101419 0.00175889 0.0182288 0.0145257 0.894386 0.000466368 0.057691
2 0.0009568 0.297372 0.0313365 0.00196283 0.000469609 0.0971033 0.00900341 0.0421426 0.0117473 0.507906
9 0.00126412 0.404825 0.0126197 0.00405052 0.00158042 0.220783 0.0104316 0.00315609 0.148562 0.192727
6 0.0247237 0.00932687 0.932779 0.00982444 0.00285799 0.00291446 0.0089839 0.00122002 0.00431113 0.00305843
2 4.75064e-05 0.00464749 0.000334932 0.00115072 0.000231833 0.0124617 0.00238303 0.000231141 0.0238728 0.954639
8 0.000262517 0.0125566 0.00518686 0.000185923 0.000143979 0.57358 0.00977193 0.292277 0.00171507 0.10432
3 0.009718 0.0318217 0.0544002 0.507119 0.0110233 0.00585672 0.321062 0.0065454 0.0194932 0.0329609
2 6.60026e-05 0.052597 0.000747726 0.000508573 0.000314773 0.0254274 0.00260184 0.00554709 0.00647997 0.90571
4 0.773144 0.00240405 0.0772169 0.00613429 0.00240431 0.0295338 0.0719604 0.0243608 0.00193057 0.0109112
8 0.00313154 0.000505262 0.00322327 0.00041521 0.000309589 0.757184 0.030367 0.184563 0.000437434 0.0198636
7 0.000474713 0.00541193 0.00659672 0.000961894 0.000378355 0.0103441 0.000748145 8.9666e-05 0.972597 0.00239738
7 2.69312e-08 9.79895e-08 5.0885e-08 1.85459e-07 5.14135e-08 2.96343e-08 3.99933e-08 1.94711e-08 0.999997 2.20825e-06
1 0.0119258 0.00127574 0.00640322 0.00277069 0.00412287 0.112103 0.0185083 0.802814 0.0009855 0.0390904
0 0.000823371 0.000674372 0.071513 0.0149738 0.0910892 0.00466289 0.809939 0.00129196 0.00100018 0.00403263
0 0.000159339 2.08444e-05 0.00203243 0.000569321 0.000676909 0.00280165 0.992771 0.000102061 8.17621e-05 0.000784957
0 0.000298951 0.000492872 0.00127601 0.01186 0.0801761 0.00106657 0.88623 0.000130159 0.0151826 0.00328703
1 0.00113597 0.0129087 0.0120859 0.00156249 0.00229484 0.04502 0.0464061 0.479796 0.00274832 0.396042
9 2.22274e-05 0.980115 0.00840762 0.000254092 9.7327e-05 0.00337194 0.000863673 0.000205298 0.00321282 0.00344989
6 0.000106794 8.34688e-06 0.977174 0.000565429 0.000225452 0.00466449 0.0159579 0.000839 2.79675e-05 0.000430627
6 0.000161657 0.000101071 0.888138 0.0011328 0.000656266 0.0184961 0.0870796 0.00209531 0.000211857 0.00192719
1 0.00539769 0.000555633 0.0022495 0.00160211 0.00284309 0.0197708 0.0221863 0.896538 0.000479472 0.0483778
4 0.72027 0.00410834 0.230245 0.00680479 0.00203684 0.00337563 0.0156685 0.00100123 0.0133464 0.00314366
1 0.00135113 0.0139868 0.0135559 0.00150637 0.00167498 0.12131 0.0462232 0.560528 0.00279724 0.237066
4 0.874355 0.000869906 0.0845629 0.0246401 0.000779813 0.00257399 0.0056838 0.000632339 0.00325871 0.00264372
6 3.83125e-05 4.95569e-06 0.972617 0.00166132 0.000513497 0.000613582 0.0242696 5.93089e-05 6.81475e-05 0.000154711
4 0.971893 0.000315899 0.010201 0.001077 0.00144459 0.000767444 0.0119904 0.000655489 0.00046567 0.00118915
3 0.00313839 5.37585e-05 0.0208288 0.925625 0.0122559 0.000368191 0.0366922 0.000475395 0.000133215 0.000429234
9 0.00464235 0.567503 0.0306817 0.0157999 0.00321759 0.150208 0.0184359 0.013376 0.044522 0.151614
1 0.000702702 0.00182814 0.00388099 0.000649848 0.00062075 0.160362 0.00828889 0.681667 0.001086 0.140913
3 0.00377995 0.000166804 0.00649549 0.944073 0.0264723 0.000355646 0.0167871 0.000342966 0.000648964 0.000878112
1 0.0120434 0.000835204 0.0520838 0.0044128 0.00163723 0.0993375 0.0265992 0.778856 0.000887427 0.0233075
3 0.000922448 0.000167266 0.0146082 0.90291 0.0235858 0.000503173 0.0560427 0.00018709 0.000716347 0.00035689
8 0.000827865 0.00051426 0.0033919 0.000611325 0.000476178 0.828474 0.0452606 0.104607 0.000496867 0.0153406
5 0.000297666 0.000249125 0.000820395 0.0920665 0.887707 0.000424214 0.0129596 0.000328968 0.0018333 0.00331343
9 1.38442e-05 0.987897 0.00244269 0.000273096 0.000324397 0.00102283 0.000712327 0.000138218 0.00323771 0.00393796
2 4.68487e-05 0.00899119 0.000478925 0.00189818 0.000770894 0.00934489 0.00205021 0.000206611 0.0915182 0.884694
8 0.0626771 0.157259 0.0463281 0.00725791 0.00682119 0.414448 0.0760203 0.0411216 0.0283209 0.159747
9 9.25864e-05 0.970538 0.00627351 0.000432297 0.000226435 0.00751606 0.00124361 0.000224074 0.00714594 0.0063078
2 0.00216835 0.0106393 0.00373043 0.0261137 0.302355 0.0144703 0.0703756 0.0254579 0.0173866 0.527303
1 0.00761422 0.000530682 0.00361984 0.000898269 0.0014677 0.109825 0.00719786 0.840576 0.000368627 0.0279019
3 0.00123545 0.00050822 0.0131491 0.92009 0.0451085 0.00129475 0.0141799 0.000291318 0.00244561 0.00169672
1 0.0010424 0.000244075 0.00463821 0.00126186 0.00073299 0.0162401 0.0522002 0.902243 0.00019598 0.0212013
5 7.85173e-06 1.77038e-05 0.000200445 0.00114051 0.988149 3.82996e-05 0.0099924 2.76654e-05 0.000104888 0.000321273
8 0.000395549 0.0482719 0.00259046 0.000754317 0.000487495 0.706884 0.0014419 0.000594864 0.15733 0.0812499
3 0.000174749 1.81746e-05 0.00650305 0.979232 0.00905213 0.000156326 0.00432135 6.41299e-05 0.000274552 0.000203471
9 0.00155878 0.575003 0.0184346 0.00697802 0.00139556 0.195708 0.00625602 0.00358613 0.0717278 0.119352
0 0.00252047 0.000103429 0.0101751 0.00329819 0.0444337 0.00510596 0.927888 0.00294695 0.000563744 0.00296412
3 0.000176434 1.21072e-05 0.00460399 0.984419 0.00276386 0.000110126 0.00728848 1.61505e-05 0.000546115 6.35452e-05
2 0.000865664 0.0081682 0.00913503 0.00233063 0.00193744 0.0806972 0.0436402 0.265987 0.0107454 0.576494
7 0.0146165 0.146047 0.036752 0.0751145 0.00850986 0.0241695 0.0273579 0.00207898 0.649635 0.0157186
5 1.12328e-05 5.06399e-06 5.15561e-05 0.00418405 0.990233 1.02024e-05 0.00530094 1.15204e-05 3.61308e-05 0.000156587
3 0.012713 0.000548302 0.012973 0.879328 0.0521395 0.00154277 0.0287926 0.00615172 0.000763262 0.00504784
6 7.29888e-05 5.05187e-06 0.96026 0.000763883 0.000230078 0.00390183 0.0344247 0.000149472 2.98693e-05 0.000161738
4 0.962677 0.000399279 0.0112417 0.00844942 0.00738713 0.000443359 0.00560752 0.00112691 0.000590473 0.00207766
3 4.23449e-05 4.15321e-06 0.000636315 0.991882 0.00476258 4.17591e-05 0.00173844 3.29444e-06 0.000867169 2.1667e-05
4 0.955698 0.000157874 0.0277797 0.00939445 0.000370651 0.00103456 0.00309126 0.00097813 0.000203092 0.00129245
9 1.46652e-06 0.995816 0.000159096 1.67638e-05 1.26155e-05 0.000283899 3.09846e-05 7.0528e-06 0.00199053 0.00168203
1 0.00205388 0.000259194 0.00391926 0.00199079 0.000637666 0.0103021 0.0130826 0.93991 0.000216594 0.0276279
7 0.000145282 0.15415 0.0314836 0.0023545 0.00117982 0.00342412 0.0016888 0.000187589 0.802777 0.0026094
5 0.000236817 0.000497673 0.000566966 0.0174117 0.943176 0.000871101 0.0156231 0.000880195 0.00307977 0.0176565
5 1.01405e-05 7.0528e-06 7.21348e-05 0.00411067 0.992718 1.13604e-05 0.00279679 1.18168e-05 7.96205e-05 0.000182715
6 0.00171841 0.086109 0.740581 0.00431065 0.000684598 0.0974031 0.0094315 0.00238036 0.0317679 0.0256133
0 0.000774558 0.000153263 0.00111777 0.0155698 0.0515802 0.000242366 0.927152 0.000133016 0.00142381 0.0018535
2 0.00166213 0.0119385 0.00974016 0.00724851 0.00851221 0.0792918 0.289172 0.0607042 0.0203679 0.511363
1 0.00127783 0.00194282 0.00238925 0.00178512 0.00102295 0.178722 0.0901827 0.507002 0.00178406 0.213892
2 3.56822e-05 0.00355734 0.000541004 0.00207219 0.00128071 0.00707319 0.00495428 0.000826673 0.0140375 0.965621
7 0.000320822 0.00574574 0.00296477 0.039437 0.0178959 0.000488798 0.000739862 0.000153647 0.931582 0.000671352
9 0.000286405 0.960844 0.0222895 0.00173638 0.000997816 0.00231619 0.0017173 0.000407459 0.00487613 0.00452853
1 0.00108622 0.00101366 0.00160087 0.00113749 0.000742572 0.074878 0.0342835 0.781552 0.000645033 0.103061
9 0.000883447 0.674983 0.192832 0.00334806 0.000879164 0.0442529 0.004113 0.00233815 0.0342989 0.0420715
0 0.000489063 4.29964e-05 0.00742084 0.0722606 0.0928933 7.13144e-05 0.826341 6.78559e-05 0.000109603 0.000303199
4 0.963578 0.000619201 0.0184015 0.00065493 0.000676948 0.00278731 0.00929534 0.0018665 0.000357658 0.00176276
9 0.0126851 0.752781 0.0381594 0.00219156 0.00322866 0.0265302 0.0278327 0.0340784 0.00846282 0.0940506
2 0.000124167 0.0403945 0.00048493 0.000141284 0.000140954 0.37599 0.00093094 0.072728 0.00202903 0.507036
5 0.00102334 0.000148868 0.00111109 0.0265982 0.9344 0.000102404 0.0346148 7.67829e-05 0.00158848 0.000336279
5 2.53309e-05 1.49137e-05 0.000144032 0.00595139 0.986324 3.75707e-05 0.00704033 1.6364e-05 0.000190979 0.000254866
2 0.000149488 0.0079669 0.000932692 0.000261364 0.000118157 0.32523 0.0273052 0.120387 0.00274068 0.514908
4 0.986295 0.000621933 0.00844741 0.000438497 0.000460809 0.00040095 0.00106108 0.000636165 0.000341161 0.00129713
5 4.18257e-05 2.07555e-05 0.000493593 0.00080212 0.951231 3.07847e-05 0.0472094 3.24768e-05 5.04032e-05 8.79582e-05
8 0.000153428 0.000125381 0.00102339 8.61887e-05 4.72185e-05 0.914654 0.00666373 0.0626507 9.2753e-05 0.0145033
1 0.000509285 0.000519163 0.00123956 0.00071436 0.000758657 0.0117391 0.0286359 0.858174 0.000342774 0.0973673
6 0.000216526 0.000192852 0.918034 0.00195275 0.0024009 0.0164733 0.0498874 0.00481621 0.00029393 0.00573185
4 0.878074 0.00135703 0.091316 0.00312799 0.000550881 0.00276181 0.0177354 0.00118966 0.00150212 0.00238552
1 0.00475922 0.000466304 0.00627482 0.00688503 0.00352948 0.00309619 0.0245112 0.90432 0.000426619 0.0457309
3 4.26191e-06 1.56202e-05 0.000671029 0.992509 0.00309812 2.14419e-05 0.00178279 3.87939e-06 0.00185189 4.16984e-05
2 0.00109157 0.0158702 0.0619125 0.00973223 0.00250648 0.164761 0.120935 0.142191 0.0128203 0.46818
4 0.986475 0.000134843 0.00488706 0.00028604 0.00028556 0.000649984 0.00383962 0.00207189 8.73273e-05 0.00128304
8 0.00105548 0.000910892 0.00377283 0.000834928 0.000753361 0.831096 0.0458294 0.0842169 0.000876219 0.0306535
8 0.00117241 0.00178516 0.00386136 0.000737805 0.000795874 0.472133 0.374764 0.0708908 0.00157315 0.0722859
2 8.50068e-05 0.053044 0.00127934 0.000843715 0.000584214 0.0231002 0.00507733 0.00740584 0.00813718 0.900443
3 0.000119249 8.45136e-05 0.00232983 0.973779 0.00848852 0.000187815 0.0056427 3.28036e-05 0.00901621 0.000319614
9 0.00302503 0.448509 0.333052 0.00356742 0.00181344 0.121655 0.00714936 0.00332405 0.0506586 0.0272464
6 3.63919e-05 2.41409e-05 0.984492 0.00213595 0.000571082 0.000396787 0.0118796 0.000161492 5.34229e-05 0.000249399
1 0.00242465 0.000319454 0.00471022 0.00258189 0.000869329 0.00632162 0.0232232 0.922485 0.000282013 0.0367829
9 0.000147503 0.897262 0.0475567 0.00195091 0.00163192 0.00628003 0.00698421 0.0025096 0.0167794 0.0188973
7 3.17644e-07 2.14844e-06 2.36921e-05 0.00103968 4.54239e-06 4.62424e-05 2.0085e-06 1.24209e-07 0.998847 3.41614e-05
5 0.00088217 0.00320485 0.00332539 0.114079 0.783231 0.00314403 0.0304028 0.00496285 0.00623199 0.0505361
8 2.40139e-05 5.36133e-05 0.000489151 1.96073e-05 8.31812e-06 0.96774 0.0271546 0.000916592 0.000199245 0.0033948
9 0.00427813 0.224095 0.193317 0.119619 0.0132928 0.0669153 0.0865148 0.0220912 0.0930557 0.176821
3 0.00157726 6.80265e-05 0.00519408 0.978317 0.00857613 0.000248324 0.00470437 9.41047e-05 0.000851092 0.000369878
6 0.000531811 0.133577 0.520813 0.00308977 0.000560961 0.0241946 0.00267796 0.000591743 0.310077 0.00388521
2 4.09151e-05 0.0235065 0.00071908 0.00116118 0.000653309 0.0172093 0.0033408 0.00254687 0.0125712 0.938251
3 7.01499e-05 1.43272e-05 0.000933203 0.98808 0.0017721 5.52072e-05 0.00203435 6.91923e-06 0.00698903 4.44304e-05
3 0.0141142 0.0818233 0.0576114 0.483904 0.0384925 0.05644 0.0297378 0.0124525 0.0915203 0.133904
9 2.57865e-05 0.967087 0.00189101 0.000170584 0.000116998 0.0046 0.000914617 0.00030045 0.00822572 0.0166675
5 0.000139668 2.72814e-05 0.000778876 0.00167954 0.858189 5.14148e-05 0.136425 1.02838e-05 0.00263396 6.52017e-05
2 0.000453723 0.00268681 0.00252373 0.00890951 0.0193269 0.0467448 0.021561 0.00716277 0.0222933 0.868337
6 0.00309964 0.0095949 0.956568 0.00205084 9.16212e-05 0.0159194 0.00517241 0.000410562 0.00527406 0.00181862
5 3.76529e-05 1.31473e-05 0.000734285 0.00164744 0.906494 0.000180678 0.0902669 6.15755e-05 6.7585e-05 0.000497156
8 0.000501516 0.000444312 0.00269647 0.000318098 0.000216771 0.552171 0.0125521 0.378051 0.000534313 0.0525148
0 0.00339951 0.00633644 0.0732358 0.0853552 0.00574251 0.0569097 0.556171 0.00754301 0.135817 0.06949
8 0.00291725 0.0287367 0.153802 0.0162664 0.00372596 0.390246 0.224799 0.0182818 0.0507929 0.110432
0 0.000355915 5.93644e-05 0.0107179 0.00193183 0.0758827 0.00357171 0.90398 0.00067661 0.00100468 0.00181937
4 0.971818 0.000353037 0.0194139 0.00225056 0.000212134 0.00133693 0.001425 0.00115774 0.000233238 0.00179958
1 0.000858828 0.00118467 0.00752657 0.000505738 0.000441786 0.187795 0.0219095 0.749014 0.000370984 0.0303928
1 0.0010817 0.000535333 0.00161932 0.0012391 0.000832353 0.0168805 0.023267 0.868578 0.000397373 0.0855689
1 0.0229848 0.0100808 0.0990005 0.0528789 0.0835824 0.0376101 0.185457 0.326741 0.00776453 0.1739
6 2.02478e-05 1.55065e-05 0.988264 0.00107196 0.000295742 0.000897425 0.00833533 0.000298531 3.64256e-05 0.000764808
4 0.963954 0.000831817 0.0147875 0.00185553 0.000451983 0.00280038 0.00239065 0.0068363 0.000342464 0.00574903
5 0.0061154 0.0012182 0.306427 0.0177906 0.443734 0.0049829 0.205144 0.00765269 0.00120385 0.00573065
2 0.00230461 0.179929 0.0221854 0.00437022 0.00913296 0.146333 0.142047 0.0151996 0.213363 0.265134
1 0.0134157 0.00368865 0.0323779 0.00499966 0.00495947 0.0398141 0.0646197 0.788604 0.00156057 0.0459599
5 0.000144971 7.48795e-05 0.00523448 0.0410255 0.932572 0.000210025 0.0196985 0.000172804 0.000501673 0.000365314
7 0.000529195 0.00958365 0.029043 0.00083445 0.000224855 0.010118 0.000663384 7.66177e-05 0.947589 0.00133736
5 8.1639e-06 9.09344e-06 7.48066e-05 0.00130084 0.977315 5.23982e-06 0.0212009 3.2648e-06 6.63886e-05 1.65648e-05
6 6.65195e-05 4.16925e-06 0.830282 0.00081561 0.000656487 0.00123267 0.166448 0.000203696 4.97939e-05 0.00024191
7 0.000445973 0.0119577 0.0353762 0.00548736 0.00333436 0.033109 0.00424779 0.000519146 0.897933 0.0075897
8 8.41314e-05 0.00139349 0.00219295 8.02845e-05 3.41399e-05 0.897931 0.00545043 0.0804139 0.000414782 0.0120047
9 3.83369e-05 0.960308 0.00187461 9.1285e-05 4.38647e-05 0.00838631 0.000360853 0.000425612 0.00781186 0.0206595
0 0.000785501 0.000250788 0.00361741 0.024549 0.29907 0.000454414 0.666196 0.000186938 0.00457605 0.00031433
7 0.0129918 0.105528 0.107004 0.00866672 0.00524065 0.144714 0.157777 0.0042061 0.43556 0.0183116
9 2.34539e-05 0.981886 0.00141653 3.58221e-05 2.18832e-05 0.00847093 0.000306303 0.000191434 0.00271821 0.00492969
2 0.00541767 0.116848 0.0244228 0.00573868 0.00394552 0.229644 0.0430139 0.167611 0.0181474 0.38521
2 0.000154695 0.0521947 0.00047625 0.000264397 0.000199656 0.281649 0.0014705 0.00168831 0.0189693 0.642933
0 0.000415767 5.89766e-05 0.0195007 0.00203919 0.00707844 0.00517253 0.9579 0.00249433 0.000209926 0.00513
6 0.00011804 9.07531e-05 0.495511 0.00289502 0.00486515 0.00608016 0.476738 0.00782475 0.000189264 0.00568742
0 0.000174521 3.58694e-05 0.00036243 0.0035139 0.00279863 0.000141688 0.991896 2.42355e-05 0.00043166 0.000620848
8 0.0035123 0.000911413 0.00929817 0.00250969 0.00246411 0.654453 0.14344 0.157238 0.000994218 0.0251787
3 0.00217724 0.000443472 0.00868771 0.936975 0.01794 0.00060231 0.0299149 0.000301009 0.00194238 0.00101562
4 0.89994 0.00132046 0.0131242 0.0138522 0.0401332 0.0013404 0.0158639 0.00790014 0.000635549 0.00589015
0 1.90032e-05 3.45683e-06 0.000554779 0.00092548 0.000668958 8.12145e-05 0.997562 5.5947e-06 4.63305e-05 0.000133217
1 0.00123368 0.000565521 0.00124569 0.000806723 0.000901617 0.0236905 0.0200142 0.874425 0.000392044 0.0767248
3 4.07026e-06 1.26446e-05 0.000241223 0.983383 0.00889492 0.000117478 0.00150845 4.88933e-06 0.00540732 0.000425758
0 0.0233897 0.00115609 0.171721 0.0548638 0.00377069 0.0057091 0.716468 0.0109762 0.00117248 0.0107726
5 7.22889e-05 2.10039e-05 0.0006817 0.000720944 0.958781 3.80088e-05 0.0394061 0.000115846 2.71641e-05 0.000136383
4 0.972597 0.000263901 0.0191122 0.00368424 0.00020015 0.000766135 0.00114389 0.000578199 0.000290708 0.00136382
5 3.41521e-05 1.714e-05 9.70314e-05 0.00446648 0.977719 1.39346e-05 0.0174218 2.84224e-05 7.72419e-05 0.000124935
7 1.5195e-06 0.000147438 0.000177664 0.000358085 3.49242e-05 0.000478056 3.6097e-05 2.92461e-06 0.99864 0.000123173
5 0.000529818 0.000462532 0.00144529 0.0418082 0.733728 0.000523625 0.215886 0.00046045 0.000936508 0.00421962
5 0.00100367 0.00150027 0.00180651 0.0074612 0.725453 0.00534263 0.103685 0.0147104 0.00458922 0.134448
3 1.85139e-05 5.69e-06 0.000673403 0.982922 0.0126673 1.67256e-05 0.0032322 5.23316e-06 0.000416405 4.28199e-05
3 1.43846e-05 2.8767e-06 0.000338963 0.991598 0.00648966 1.11558e-05 0.000961048 2.17457e-06 0.00055982 2.24047e-05
9 6.16843e-05 0.84766 0.00242874 0.000766024 0.000403972 0.00816362 0.00513216 0.00413225 0.00389581 0.127356
1 0.00245135 0.0143394 0.0178447 0.00201286 0.00116697 0.0741265 0.0178965 0.72178 0.00178841 0.146593
2 0.00137362 0.0122324 0.0099623 0.0172893 0.00481696 0.0646638 0.210409 0.0573819 0.0207603 0.601111
0 0.00010475 9.5058e-05 0.00732973 0.000611347 0.000289031 0.0707886 0.913322 0.00243188 0.000216875 0.00481096
5 0.000539729 0.000284145 0.011323 0.103725 0.839586 0.000657556 0.0387657 0.000291081 0.00423674 0.000590887
7 7.83147e-05 0.000187932 0.000384473 0.022237 0.000920576 0.000124683 4.25149e-05 1.00293e-06 0.975853 0.000170332
7 0.000126392 0.00766227 0.00371286 0.0113437 0.00128072 0.000884988 0.000364118 7.23001e-05 0.973477 0.00107599
1 0.00740964 0.00035984 0.00766491 0.00730915 0.0019381 0.00514042 0.0357766 0.911332 0.000377767 0.0226912
7 0.00172726 0.0832052 0.00499838 0.0194191 0.00472356 0.0615578 0.00658383 0.00217184 0.757869 0.0577441
3 0.000270514 0.00451925 0.00805565 0.680153 0.0483142 0.00688821 0.0168743 0.000259992 0.224733 0.00993243
9 7.07878e-05 0.903535 0.0257459 0.000254503 5.24319e-05 0.0120423 0.000363018 8.06661e-05 0.0520241 0.00583134
3 0.00101859 3.3941e-05 0.0235305 0.935914 0.0107478 0.000294739 0.0277785 8.92886e-05 0.000398659 0.000193805
0 5.75208e-05 5.10923e-05 0.0017584 0.000245709 0.000124628 0.101522 0.888041 0.00182583 0.000144467 0.00622927
4 0.986257 0.000186608 0.00660317 0.000373494 0.00038484 0.000506892 0.00303266 0.0012445 0.000130572 0.00128039
0 0.000320091 0.000256825 0.00626951 0.0309514 0.00298006 0.00233804 0.947575 0.000274021 0.0043766 0.00465887
8 0.000434714 0.00931173 0.0150175 0.00132046 0.000418075 0.706907 0.0511639 0.0476246 0.00623437 0.161567
7 1.68836e-06 6.80929e-05 0.000286594 0.000373122 1.04385e-05 0.000273318 1.52433e-05 8.69371e-07 0.99893 4.08703e-05
4 0.776823 0.000715958 0.12522 0.0421121 0.00861487 0.00291671 0.0385766 0.00128825 0.00151507 0.00221756
9 2.20245e-05 0.974757 0.0115001 0.000216165 0.000204174 0.00202902 0.000701725 8.68431e-05 0.00864393 0.00183891
8 0.000183792 0.000266243 0.0014905 0.000138056 0.000100499 0.941029 0.0177098 0.0246275 0.000289279 0.0141658
1 0.00125057 0.00383779 0.0180496 0.00135502 0.00118177 0.10944 0.0640586 0.706656 0.0010623 0.0931074
1 0.00141864 0.00446025 0.00371091 0.00108409 0.00126661 0.351721 0.0135535 0.506204 0.001532 0.115048
2 5.54937e-05 0.00922064 0.000546179 0.00112765 0.00100178 0.025664 0.00530261 0.00277887 0.0115352 0.942768
2 4.29601e-05 0.00355189 0.000318865 0.001798 0.00215123 0.0111008 0.00378888 0.000944393 0.0175514 0.958752
8 0.00023532 0.00224089 0.00213962 0.00044245 0.000392967 0.747699 0.0144359 0.124041 0.00310567 0.105267
2 1.88886e-05 0.00529332 0.000331431 0.00132117 0.000628211 0.00496164 0.00173041 0.000352288 0.0268746 0.958488
3 0.00170427 0.000723151 0.00841273 0.91038 0.0315557 0.0055961 0.0321826 0.00108064 0.00227827 0.0060862
8 8.7818e-05 6.51579e-05 0.00109971 6.29652e-05 2.86769e-05 0.925512 0.0324908 0.0351755 7.98413e-05 0.00539733
2 2.84785e-05 0.00435808 0.000290828 0.0013927 0.00132185 0.00852494 0.00261354 0.000753831 0.0125335 0.968182
9 0.000116702 0.794679 0.0040681 0.000617984 6.66e-05 0.0472997 0.000221724 0.000240171 0.0334842 0.119206
0 0.00192936 0.000245717 0.0354631 0.00238841 0.00510915 0.0262532 0.900905 0.0145001 0.000504003 0.012702
8 0.00352185 0.000444177 0.00374813 0.000568247 0.000401567 0.797769 0.0460341 0.131004 0.000453798 0.0160549
1 0.00126746 0.000969431 0.00327458 0.00276381 0.00136611 0.0102548 0.0386736 0.809457 0.000687286 0.131286
1 0.0421787 0.00627314 0.067344 0.0546174 0.101317 0.0266922 0.153096 0.423833 0.00577725 0.11887
2 8.95378e-05 0.00865669 0.000380106 0.000827273 0.000229771 0.0276138 0.00336555 0.000445181 0.0278153 0.930577
8 0.000289859 0.000250253 0.00241814 0.000356986 0.000152953 0.931893 0.0471723 0.00682226 0.000713943 0.00993041
7 2.12144e-06 0.000520863 0.00015898 0.000121606 9.15408e-06 0.000963402 5.9214e-05 2.3504e-06 0.99799 0.000172305
9 5.07473e-05 0.645123 0.00522228 0.00244441 0.000617759 0.009811 0.00294501 0.00207771 0.0316402 0.300068
8 0.000118076 0.000137662 0.00541405 9.77118e-05 2.49563e-05 0.962938 0.0250347 0.00307569 0.000308684 0.00285092
8 0.0705926 0.149217 0.0703543 0.0193627 0.00958164 0.2631 0.151193 0.0141011 0.123163 0.129335
9 0.000175808 0.943306 0.0309383 0.00118198 0.00134883 0.0030918 0.00339242 0.000678749 0.0103098 0.00557638
4 0.976322 0.00027789 0.0155302 0.00126864 0.000127575 0.000915725 0.00212785 0.00194546 0.000122448 0.00136266
1 0.000464221 0.00926322 0.00595066 0.000386954 0.000375299 0.368213 0.0178296 0.47576 0.00135556 0.120401
9 0.00228768 0.321821 0.128444 0.00648765 0.00212418 0.291424 0.00704716 0.00847534 0.0412721 0.190616
9 0.000516065 0.624763 0.0692918 0.00734339 0.00106353 0.0412311 0.018829 0.0225858 0.0174594 0.196917
7 0.00365043 0.0793221 0.0396621 0.110105 0.308955 0.0262826 0.026026 0.00402834 0.383422 0.0185462
1 0.000300587 0.000641739 0.00321773 0.000491499 0.000344957 0.0639968 0.0285147 0.785116 0.000312337 0.117064
9 3.64783e-05 0.703447 0.0048594 0.0036262 0.000907072 0.00617273 0.00316592 0.00143251 0.0499113 0.226441
7 7.19294e-08 3.1986e-06 2.155e-05 0.000382274 1.27288e-05 7.16999e-05 3.38929e-06 1.98616e-07 0.999468 3.64309e-05
7 0.00026148 0.0103996 0.00736235 0.205888 0.00190687 0.00246255 0.00214826 0.00017157 0.764836 0.00456255
