labels 1 0 2 5 3 4
1 0.41249 0.364476 0.0737056 0.0422482 0.073345 0.0337352
0 0.346888 0.504631 0.072104 0.0249545 0.032393 0.0190305
5 0.153659 0.0392194 0.0826322 0.347644 0.185416 0.19143
1 0.408432 0.0921956 0.0735969 0.163827 0.117429 0.144519
1 0.43717 0.413168 0.0692083 0.0258303 0.036336 0.0182878
1 0.484053 0.372771 0.0655732 0.0264803 0.0364416 0.0146806
5 0.156308 0.0418797 0.0879941 0.357458 0.192974 0.163386
1 0.429167 0.4243 0.0699898 0.0244181 0.0342355 0.0178896
1 0.444477 0.404032 0.0685246 0.0264073 0.0374349 0.0191242
1 0.288443 0.0593821 0.0639067 0.198164 0.129464 0.26064
1 0.44646 0.412012 0.0655588 0.0279374 0.0267626 0.0212691
1 0.432829 0.396975 0.0714572 0.0311983 0.0447272 0.0228133
0 0.416885 0.475082 0.0689834 0.0132238 0.0181346 0.00769088
1 0.45687 0.370404 0.0688117 0.0332075 0.0488877 0.0218195
1 0.429013 0.408783 0.0702965 0.0289279 0.0392894 0.0236909
1 0.456437 0.348747 0.0691259 0.0377043 0.0602077 0.0277785
1 0.318421 0.131274 0.126668 0.143016 0.234384 0.0462377
1 0.451547 0.426758 0.0646227 0.0195004 0.0241443 0.0134271
5 0.164977 0.0425651 0.0887396 0.364887 0.200549 0.138282
1 0.463463 0.371875 0.0670078 0.0322511 0.0440014 0.0214015
1 0.474573 0.367011 0.0656105 0.0295834 0.0442364 0.0189853
1 0.38085 0.266271 0.0913164 0.0671833 0.118684 0.0756951
1 0.450878 0.371739 0.0697823 0.0338803 0.0519745 0.0217459
0 0.324041 0.525697 0.0739676 0.0251823 0.029396 0.021717
1 0.478803 0.400351 0.0645515 0.0195665 0.0251996 0.0115283
1 0.441781 0.360266 0.0702886 0.0408423 0.0564515 0.0303703
1 0.434767 0.394628 0.0695882 0.0311564 0.0463 0.0235607
5 0.123978 0.0380625 0.0933004 0.36802 0.269404 0.107235
1 0.430624 0.392539 0.0703728 0.0321517 0.0484254 0.0258868
1 0.453694 0.410263 0.0656938 0.0245547 0.0279638 0.0178313
1 0.322956 0.0466451 0.062848 0.14584 0.138373 0.283338
0 0.357301 0.485694 0.0717781 0.0261348 0.0387001 0.0203913
1 0.260023 0.0655093 0.124402 0.203391 0.241016 0.105659
1 0.470467 0.379482 0.0680997 0.0276282 0.0368585 0.0174651
1 0.529284 0.0546832 0.0547425 0.135719 0.114596 0.110975
5 0.156847 0.0435082 0.0914797 0.365961 0.203078 0.139125
0 0.425243 0.463189 0.0691574 0.0142573 0.0197522 0.00840126
1 0.459619 0.421835 0.0667939 0.0178809 0.0230012 0.0108702
1 0.346521 0.0430866 0.0639202 0.24462 0.147194 0.154658
0 0.40297 0.46823 0.0650246 0.0207199 0.0276187 0.0154363
1 0.388456 0.336187 0.0778295 0.0657216 0.0945177 0.037288
1 0.438031 0.230374 0.083295 0.0701837 0.104707 0.0734086
1 0.487658 0.323742 0.0661184 0.0361775 0.0655673 0.0207369
1 0.424542 0.193384 0.0892199 0.0835146 0.116961 0.0923772
1 0.451323 0.42093 0.0662995 0.020429 0.0273574 0.0136616
1 0.434095 0.39425 0.0695282 0.0312355 0.0477265 0.0231649
1 0.466677 0.375626 0.067721 0.0292697 0.040756 0.0199506
0 0.409292 0.455651 0.0670259 0.0216124 0.0309982 0.0154203
1 0.482656 0.166397 0.0756665 0.0853456 0.103615 0.0863211
0 0.423618 0.455085 0.0681813 0.0177052 0.0228536 0.0125572
0 0.417081 0.446747 0.071131 0.0216026 0.0293614 0.0140765
1 0.450677 0.38372 0.0679134 0.0298604 0.0468909 0.0209392
0 0.20372 0.504058 0.131201 0.0536915 0.0743843 0.0329464
1 0.609596 0.0575887 0.0634544 0.102203 0.110938 0.0562194
1 0.427371 0.420503 0.0703308 0.0271051 0.0331369 0.0215533
1 0.487771 0.164201 0.0877626 0.0804316 0.110318 0.069515
1 0.461775 0.346913 0.0672216 0.038358 0.061995 0.0237378
1 0.441071 0.387675 0.068935 0.0304686 0.0499509 0.0219004
1 0.44954 0.379339 0.0681662 0.0335549 0.0463769 0.0230222
1 0.437611 0.396571 0.0709623 0.0306565 0.0408069 0.0233923
0 0.173532 0.501241 0.129738 0.0590995 0.0992707 0.0371189
0 0.436841 0.450724 0.0660321 0.0157068 0.0203176 0.0103776
1 0.469601 0.371028 0.0674896 0.0295265 0.0424325 0.0199217
1 0.482297 0.379557 0.0570543 0.032258 0.0285114 0.0203217
0 0.41593 0.45992 0.0729584 0.0172265 0.0231878 0.0107779
5 0.154603 0.0426512 0.0898757 0.362219 0.199835 0.150817
0 0.324041 0.525697 0.0739676 0.0251823 0.029396 0.021717
1 0.458253 0.362707 0.0681791 0.0339787 0.0553409 0.0215417
5 0.160589 0.0442916 0.0906703 0.368877 0.196213 0.139359
5 0.154271 0.042962 0.0907948 0.363341 0.201795 0.146836
5 0.170546 0.043811 0.0879757 0.371797 0.195891 0.12998
1 0.436157 0.335873 0.0726734 0.0447192 0.0795619 0.0310162
5 0.156136 0.041336 0.0869798 0.355116 0.191069 0.169363
1 0.466866 0.371393 0.0637452 0.0406083 0.0343866 0.0230009
1 0.502164 0.0766988 0.0629442 0.14037 0.112203 0.105621
1 0.468754 0.0888557 0.0751373 0.136153 0.12308 0.10802
5 0.15469 0.0402148 0.0843626 0.354304 0.189469 0.176959
1 0.453906 0.414725 0.0660081 0.0222122 0.0283455 0.0148026
0 0.427324 0.432714 0.0693197 0.0239474 0.0287229 0.0179715
1 0.696222 0.0654232 0.0397959 0.0582179 0.0708306 0.0695099
0 0.341959 0.493898 0.0724906 0.030087 0.0378821 0.0236832
1 0.436327 0.400168 0.0686935 0.028805 0.0455244 0.0204814
1 0.456193 0.100488 0.0790513 0.13345 0.142343 0.088475
1 0.425768 0.407208 0.0684725 0.0316822 0.0451717 0.0216969
1 0.286093 0.0442159 0.0669239 0.262679 0.146067 0.194021
1 0.447406 0.373347 0.0680945 0.0386642 0.0435602 0.0289282
0 0.316285 0.51218 0.0772434 0.029964 0.0301278 0.0341997
1 0.446697 0.425524 0.0696853 0.0198828 0.0269889 0.0112216
1 0.429524 0.37615 0.0712098 0.0379768 0.0539347 0.0312047
1 0.465892 0.355901 0.0670365 0.0341187 0.0580421 0.0190091
1 0.411014 0.387108 0.0715153 0.0393727 0.0642533 0.0267362
1 0.406381 0.0489747 0.0596542 0.175374 0.125303 0.184313
1 0.496973 0.12896 0.0739019 0.108017 0.107138 0.0850097
1 0.434812 0.413783 0.0693366 0.0275624 0.033638 0.0208686
1 0.528992 0.0621815 0.0574521 0.101769 0.11718 0.132425
0 0.353364 0.525234 0.0703538 0.0178828 0.0222876 0.0108784
1 0.340587 0.0478416 0.0626675 0.148654 0.135468 0.264782
1 0.450813 0.428627 0.0635838 0.0190081 0.0242486 0.0137198
1 0.416253 0.0470516 0.0599351 0.200891 0.137129 0.138741
5 0.165522 0.0428059 0.0863858 0.364728 0.188313 0.152245
0 0.426834 0.432948 0.0690224 0.0241045 0.0316029 0.0154879
1 0.434055 0.406868 0.0700532 0.027855 0.0399889 0.0211801
1 0.42375 0.371727 0.0730225 0.0405029 0.0570291 0.0339685
1 0.403586 0.0485778 0.062936 0.195967 0.136486 0.152447
1 0.487238 0.210551 0.0790174 0.0672537 0.103724 0.0522154
0 0.366217 0.467395 0.0694627 0.0278496 0.0454603 0.0236153
1 0.450842 0.375804 0.0671103 0.0378614 0.0420308 0.0263516
1 0.438906 0.423461 0.0671081 0.0235944 0.0299771 0.0169529
0 0.426921 0.436012 0.0689474 0.0232377 0.0289027 0.0159792
1 0.50436 0.286961 0.0658837 0.0403113 0.0811097 0.0213744
1 0.472944 0.33478 0.0666886 0.0367975 0.0667111 0.022078
1 0.429258 0.42019 0.0696764 0.0262854 0.0373306 0.0172598
1 0.478747 0.100211 0.0789963 0.107225 0.122629 0.112192
1 0.474392 0.411728 0.0647935 0.0168672 0.0223672 0.00985188
1 0.435754 0.358925 0.0742559 0.0382058 0.0651457 0.0277136
1 0.523489 0.176215 0.081308 0.0682671 0.109869 0.040852
4 0.0670552 0.0238489 0.0430691 0.0728176 0.150512 0.642697
1 0.465996 0.374143 0.0594722 0.0323998 0.0414143 0.0265753
1 0.454254 0.429406 0.0692296 0.0162986 0.0214536 0.00935853
1 0.424758 0.377932 0.0728541 0.0386922 0.0538452 0.0319183
1 0.419108 0.374715 0.0718618 0.0385296 0.0683613 0.0274244
5 0.159965 0.0771175 0.142838 0.302301 0.251588 0.0661905
1 0.445312 0.396851 0.0686271 0.0278161 0.0416204 0.0197732
1 0.427977 0.385254 0.0617752 0.03506 0.0469194 0.0430151
1 0.436778 0.405866 0.0694704 0.0280174 0.038376 0.0214918
0 0.361274 0.4642 0.0755076 0.0315356 0.0333785 0.0341042
0 0.39183 0.439133 0.0703994 0.0341727 0.0387503 0.0257153
1 0.47652 0.404132 0.0647187 0.0191222 0.0238738 0.0116339
